starttime	seconds	ctime	dtime	ttime	wait
Thu May 23 13:56:27 2024	1716472587	16	140	156	140
Thu May 23 13:56:27 2024	1716472587	16	140	156	140
Thu May 23 13:56:27 2024	1716472587	16	140	156	140
Thu May 23 13:56:27 2024	1716472587	16	141	157	141
Thu May 23 13:56:27 2024	1716472587	16	141	157	141
Thu May 23 13:56:27 2024	1716472587	16	141	157	141
Thu May 23 13:56:27 2024	1716472587	16	142	158	142
Thu May 23 13:56:27 2024	1716472587	16	142	158	142
Thu May 23 13:56:27 2024	1716472587	16	142	159	142
Thu May 23 13:56:27 2024	1716472587	17	142	159	142
Thu May 23 13:56:27 2024	1716472587	17	143	159	143
Thu May 23 13:56:27 2024	1716472587	17	143	160	143
Thu May 23 13:56:27 2024	1716472587	17	143	160	143
Thu May 23 13:56:27 2024	1716472587	17	143	160	143
Thu May 23 13:56:27 2024	1716472587	17	144	161	144
Thu May 23 13:56:27 2024	1716472587	17	144	161	144
Thu May 23 13:56:27 2024	1716472587	17	144	161	144
Thu May 23 13:56:27 2024	1716472587	17	144	162	144
Thu May 23 13:56:27 2024	1716472587	17	145	162	145
Thu May 23 13:56:27 2024	1716472587	17	145	162	145
Thu May 23 13:56:27 2024	1716472587	17	145	163	145
Thu May 23 13:56:27 2024	1716472587	18	145	163	145
Thu May 23 13:56:27 2024	1716472587	18	146	163	146
Thu May 23 13:56:27 2024	1716472587	18	146	164	146
Thu May 23 13:56:27 2024	1716472587	18	146	164	146
Thu May 23 13:56:27 2024	1716472587	18	147	164	147
Thu May 23 13:56:27 2024	1716472587	18	147	165	147
Thu May 23 13:56:27 2024	1716472587	18	147	165	147
Thu May 23 13:56:27 2024	1716472587	18	147	165	147
Thu May 23 13:56:27 2024	1716472587	18	148	166	148
Thu May 23 13:56:27 2024	1716472587	18	148	166	148
Thu May 23 13:56:27 2024	1716472587	18	148	166	148
Thu May 23 13:56:27 2024	1716472587	18	148	167	148
Thu May 23 13:56:27 2024	1716472587	19	149	167	149
Thu May 23 13:56:27 2024	1716472587	19	149	168	149
Thu May 23 13:56:27 2024	1716472587	19	149	168	149
Thu May 23 13:56:27 2024	1716472587	19	149	168	149
Thu May 23 13:56:27 2024	1716472587	19	150	169	150
Thu May 23 13:56:27 2024	1716472587	19	150	169	150
Thu May 23 13:56:27 2024	1716472587	19	150	169	150
Thu May 23 13:56:27 2024	1716472587	19	150	170	150
Thu May 23 13:56:27 2024	1716472587	19	151	170	151
Thu May 23 13:56:27 2024	1716472587	19	151	170	151
Thu May 23 13:56:27 2024	1716472587	19	151	171	151
Thu May 23 13:56:27 2024	1716472587	19	151	171	151
Thu May 23 13:56:27 2024	1716472587	20	152	171	152
Thu May 23 13:56:27 2024	1716472587	20	152	172	152
Thu May 23 13:56:27 2024	1716472587	20	152	172	152
Thu May 23 13:56:27 2024	1716472587	20	153	172	153
Thu May 23 13:56:27 2024	1716472587	20	153	173	153
Thu May 23 13:56:27 2024	1716472587	20	153	173	153
Thu May 23 13:56:27 2024	1716472587	20	153	173	153
Thu May 23 13:56:27 2024	1716472587	20	154	174	154
Thu May 23 13:56:27 2024	1716472587	20	154	174	154
Thu May 23 13:56:27 2024	1716472587	20	154	174	154
Thu May 23 13:56:27 2024	1716472587	20	154	175	154
Thu May 23 13:56:27 2024	1716472587	21	155	175	155
Thu May 23 13:56:27 2024	1716472587	21	155	175	155
Thu May 23 13:56:27 2024	1716472587	21	155	176	155
Thu May 23 13:56:27 2024	1716472587	21	155	176	155
Thu May 23 13:56:27 2024	1716472587	21	156	176	156
Thu May 23 13:56:27 2024	1716472587	21	156	177	156
Thu May 23 13:56:27 2024	1716472587	21	156	177	156
Thu May 23 13:56:27 2024	1716472587	21	156	178	156
Thu May 23 13:56:27 2024	1716472587	21	157	178	157
Thu May 23 13:56:27 2024	1716472587	21	157	178	157
Thu May 23 13:56:27 2024	1716472587	21	157	179	157
Thu May 23 13:56:27 2024	1716472587	21	158	179	158
Thu May 23 13:56:27 2024	1716472587	22	158	179	158
Thu May 23 13:56:27 2024	1716472587	22	158	180	158
Thu May 23 13:56:27 2024	1716472587	22	158	180	158
Thu May 23 13:56:27 2024	1716472587	22	159	180	159
Thu May 23 13:56:27 2024	1716472587	22	159	181	159
Thu May 23 13:56:27 2024	1716472587	22	159	181	159
Thu May 23 13:56:27 2024	1716472587	22	159	181	159
Thu May 23 13:56:27 2024	1716472587	22	160	182	160
Thu May 23 13:56:27 2024	1716472587	22	160	182	160
Thu May 23 13:56:27 2024	1716472587	22	160	183	160
Thu May 23 13:56:27 2024	1716472587	22	160	183	160
Thu May 23 13:56:27 2024	1716472587	23	161	183	161
Thu May 23 13:56:27 2024	1716472587	23	161	184	161
Thu May 23 13:56:27 2024	1716472587	23	161	184	161
Thu May 23 13:56:27 2024	1716472587	23	161	184	161
Thu May 23 13:56:27 2024	1716472587	23	162	185	162
Thu May 23 13:56:27 2024	1716472587	23	162	185	162
Thu May 23 13:56:27 2024	1716472587	23	162	185	162
Thu May 23 13:56:27 2024	1716472587	23	163	186	163
Thu May 23 13:56:27 2024	1716472587	23	163	186	163
Thu May 23 13:56:27 2024	1716472587	23	163	186	163
Thu May 23 13:56:27 2024	1716472587	24	163	187	163
Thu May 23 13:56:27 2024	1716472587	24	164	187	163
Thu May 23 13:56:27 2024	1716472587	24	164	187	164
Thu May 23 13:56:27 2024	1716472587	24	164	188	164
Thu May 23 13:56:27 2024	1716472587	24	164	188	164
Thu May 23 13:56:27 2024	1716472587	24	165	189	165
Thu May 23 13:56:27 2024	1716472587	24	165	189	165
Thu May 23 13:56:27 2024	1716472587	24	165	189	165
Thu May 23 13:56:27 2024	1716472587	25	165	190	165
Thu May 23 13:56:27 2024	1716472587	25	165	190	165
Thu May 23 13:56:27 2024	1716472587	25	165	190	165
Thu May 23 13:56:27 2024	1716472587	25	166	191	166
Thu May 23 13:56:27 2024	1716472587	25	166	191	166
Thu May 23 13:56:27 2024	1716472587	25	166	191	166
Thu May 23 13:56:27 2024	1716472587	25	166	192	166
Thu May 23 13:56:27 2024	1716472587	26	166	192	166
Thu May 23 13:56:27 2024	1716472587	26	166	192	166
Thu May 23 13:56:27 2024	1716472587	26	166	193	166
Thu May 23 13:56:27 2024	1716472587	26	167	193	167
Thu May 23 13:56:27 2024	1716472587	26	167	193	167
Thu May 23 13:56:27 2024	1716472587	26	167	194	167
Thu May 23 13:56:27 2024	1716472587	27	167	194	167
Thu May 23 13:56:27 2024	1716472587	27	168	194	168
Thu May 23 13:56:27 2024	1716472587	27	167	195	167
Thu May 23 13:56:27 2024	1716472587	28	167	195	167
Thu May 23 13:56:27 2024	1716472587	28	168	195	168
Thu May 23 13:56:27 2024	1716472587	28	168	196	168
Thu May 23 13:56:27 2024	1716472587	28	168	196	168
Thu May 23 13:56:27 2024	1716472587	28	168	196	168
Thu May 23 13:56:27 2024	1716472587	28	169	197	169
Thu May 23 13:56:27 2024	1716472587	28	169	197	169
Thu May 23 13:56:27 2024	1716472587	29	168	197	168
Thu May 23 13:56:27 2024	1716472587	29	168	198	168
Thu May 23 13:56:27 2024	1716472587	29	169	198	169
Thu May 23 13:56:27 2024	1716472587	29	169	198	169
Thu May 23 13:56:27 2024	1716472587	30	169	199	169
Thu May 23 13:56:27 2024	1716472587	30	169	199	169
Thu May 23 13:56:27 2024	1716472587	30	170	199	170
Thu May 23 13:56:27 2024	1716472587	30	170	200	170
Thu May 23 13:56:27 2024	1716472587	31	169	200	169
Thu May 23 13:56:27 2024	1716472587	31	169	200	169
Thu May 23 13:56:27 2024	1716472587	31	170	201	170
Thu May 23 13:56:27 2024	1716472587	31	170	201	170
Thu May 23 13:56:27 2024	1716472587	31	170	201	170
Thu May 23 13:56:27 2024	1716472587	31	170	202	170
Thu May 23 13:56:27 2024	1716472587	31	171	202	171
Thu May 23 13:56:27 2024	1716472587	31	171	202	171
Thu May 23 13:56:27 2024	1716472587	32	170	203	170
Thu May 23 13:56:27 2024	1716472587	33	170	203	170
Thu May 23 13:56:27 2024	1716472587	33	171	203	171
Thu May 23 13:56:27 2024	1716472587	33	171	204	171
Thu May 23 13:56:27 2024	1716472587	33	171	204	171
Thu May 23 13:56:27 2024	1716472587	33	171	204	171
Thu May 23 13:56:27 2024	1716472587	33	172	205	172
Thu May 23 13:56:27 2024	1716472587	33	172	205	172
Thu May 23 13:56:27 2024	1716472587	34	171	205	171
Thu May 23 13:56:27 2024	1716472587	34	171	206	171
Thu May 23 13:56:27 2024	1716472587	34	172	206	172
Thu May 23 13:56:27 2024	1716472587	34	172	206	172
Thu May 23 13:56:27 2024	1716472587	35	172	207	172
Thu May 23 13:56:27 2024	1716472587	35	172	207	172
Thu May 23 13:56:27 2024	1716472587	35	173	208	173
Thu May 23 13:56:27 2024	1716472587	35	173	208	173
Thu May 23 13:56:27 2024	1716472587	36	172	208	172
Thu May 23 13:56:27 2024	1716472587	36	173	208	173
Thu May 23 13:56:27 2024	1716472587	36	173	209	173
Thu May 23 13:56:27 2024	1716472587	36	173	209	173
Thu May 23 13:56:27 2024	1716472587	36	173	210	173
Thu May 23 13:56:27 2024	1716472587	36	173	210	173
Thu May 23 13:56:27 2024	1716472587	37	174	210	174
Thu May 23 13:56:27 2024	1716472587	37	174	211	174
Thu May 23 13:56:27 2024	1716472587	38	173	211	173
Thu May 23 13:56:27 2024	1716472587	38	173	211	173
Thu May 23 13:56:27 2024	1716472587	38	174	212	174
Thu May 23 13:56:27 2024	1716472587	38	174	212	174
Thu May 23 13:56:27 2024	1716472587	38	174	212	174
Thu May 23 13:56:27 2024	1716472587	38	174	213	174
Thu May 23 13:56:27 2024	1716472587	38	175	213	175
Thu May 23 13:56:27 2024	1716472587	39	175	213	175
Thu May 23 13:56:27 2024	1716472587	40	174	214	174
Thu May 23 13:56:27 2024	1716472587	40	174	214	174
Thu May 23 13:56:27 2024	1716472587	40	175	214	175
Thu May 23 13:56:27 2024	1716472587	40	175	215	175
Thu May 23 13:56:27 2024	1716472587	40	175	215	175
Thu May 23 13:56:27 2024	1716472587	40	175	216	175
Thu May 23 13:56:27 2024	1716472587	40	176	216	176
Thu May 23 13:56:27 2024	1716472587	40	176	216	176
Thu May 23 13:56:27 2024	1716472587	41	175	217	175
Thu May 23 13:56:27 2024	1716472587	42	175	217	175
Thu May 23 13:56:27 2024	1716472587	42	176	217	176
Thu May 23 13:56:27 2024	1716472587	42	176	218	176
Thu May 23 13:56:27 2024	1716472587	42	176	218	176
Thu May 23 13:56:27 2024	1716472587	42	176	218	176
Thu May 23 13:56:27 2024	1716472587	42	177	219	177
Thu May 23 13:56:27 2024	1716472587	42	177	219	177
Thu May 23 13:56:27 2024	1716472587	43	176	219	176
Thu May 23 13:56:27 2024	1716472587	43	176	220	176
Thu May 23 13:56:27 2024	1716472587	44	176	220	176
Thu May 23 13:56:27 2024	1716472587	44	177	220	177
Thu May 23 13:56:27 2024	1716472587	44	177	221	177
Thu May 23 13:56:27 2024	1716472587	44	177	221	177
Thu May 23 13:56:27 2024	1716472587	44	177	221	177
Thu May 23 13:56:27 2024	1716472587	44	178	222	178
Thu May 23 13:56:27 2024	1716472587	45	177	222	177
Thu May 23 13:56:27 2024	1716472587	45	177	222	177
Thu May 23 13:56:27 2024	1716472587	46	177	223	177
Thu May 23 13:56:27 2024	1716472587	46	177	223	177
Thu May 23 13:56:27 2024	1716472587	46	178	223	178
Thu May 23 13:56:27 2024	1716472587	46	178	224	178
Thu May 23 13:56:27 2024	1716472587	46	178	224	178
Thu May 23 13:56:27 2024	1716472587	46	178	225	178
Thu May 23 13:56:27 2024	1716472587	47	178	225	178
Thu May 23 13:56:27 2024	1716472587	47	178	225	178
Thu May 23 13:56:27 2024	1716472587	48	178	226	178
Thu May 23 13:56:27 2024	1716472587	48	178	226	178
Thu May 23 13:56:27 2024	1716472587	48	178	226	178
Thu May 23 13:56:27 2024	1716472587	154	73	226	65
Thu May 23 13:56:27 2024	1716472587	48	179	227	179
Thu May 23 13:56:27 2024	1716472587	48	179	227	179
Thu May 23 13:56:27 2024	1716472587	48	179	227	179
Thu May 23 13:56:27 2024	1716472587	49	178	228	178
Thu May 23 13:56:27 2024	1716472587	49	179	228	178
Thu May 23 13:56:27 2024	1716472587	50	179	228	179
Thu May 23 13:56:27 2024	1716472587	50	179	229	179
Thu May 23 13:56:27 2024	1716472587	50	179	229	179
Thu May 23 13:56:27 2024	1716472587	50	179	229	179
Thu May 23 13:56:27 2024	1716472587	50	180	230	180
Thu May 23 13:56:27 2024	1716472587	50	180	230	180
Thu May 23 13:56:27 2024	1716472587	51	179	230	179
Thu May 23 13:56:27 2024	1716472587	52	179	231	179
Thu May 23 13:56:27 2024	1716472587	52	179	231	179
Thu May 23 13:56:27 2024	1716472587	52	179	231	179
Thu May 23 13:56:27 2024	1716472587	52	180	232	180
Thu May 23 13:56:27 2024	1716472587	52	180	232	180
Thu May 23 13:56:27 2024	1716472587	52	180	232	180
Thu May 23 13:56:27 2024	1716472587	52	180	233	180
Thu May 23 13:56:27 2024	1716472587	54	179	233	179
Thu May 23 13:56:27 2024	1716472587	54	180	233	180
Thu May 23 13:56:27 2024	1716472587	54	180	234	180
Thu May 23 13:56:27 2024	1716472587	54	180	234	180
Thu May 23 13:56:27 2024	1716472587	54	180	235	180
Thu May 23 13:56:27 2024	1716472587	54	180	235	180
Thu May 23 13:56:27 2024	1716472587	55	181	235	181
Thu May 23 13:56:27 2024	1716472587	55	181	236	181
Thu May 23 13:56:27 2024	1716472587	56	180	236	180
Thu May 23 13:56:27 2024	1716472587	56	180	236	180
Thu May 23 13:56:27 2024	1716472587	56	180	237	180
Thu May 23 13:56:27 2024	1716472587	56	181	237	181
Thu May 23 13:56:27 2024	1716472587	57	181	237	181
Thu May 23 13:56:27 2024	1716472587	57	181	238	181
Thu May 23 13:56:27 2024	1716472587	57	181	238	181
Thu May 23 13:56:27 2024	1716472587	57	181	238	181
Thu May 23 13:56:27 2024	1716472587	58	180	239	180
Thu May 23 13:56:27 2024	1716472587	58	181	239	181
Thu May 23 13:56:27 2024	1716472587	58	181	239	181
Thu May 23 13:56:27 2024	1716472587	59	181	240	181
Thu May 23 13:56:27 2024	1716472587	59	181	240	181
Thu May 23 13:56:27 2024	1716472587	59	182	240	182
Thu May 23 13:56:27 2024	1716472587	59	182	241	182
Thu May 23 13:56:27 2024	1716472587	59	182	241	182
Thu May 23 13:56:27 2024	1716472587	60	181	241	181
Thu May 23 13:56:27 2024	1716472587	60	181	242	181
Thu May 23 13:56:27 2024	1716472587	61	181	242	181
Thu May 23 13:56:27 2024	1716472587	61	182	242	182
Thu May 23 13:56:27 2024	1716472587	61	182	243	182
Thu May 23 13:56:27 2024	1716472587	61	182	243	182
Thu May 23 13:56:27 2024	1716472587	61	182	244	182
Thu May 23 13:56:27 2024	1716472587	61	183	244	183
Thu May 23 13:56:27 2024	1716472587	63	182	244	182
Thu May 23 13:56:27 2024	1716472587	63	182	245	182
Thu May 23 13:56:27 2024	1716472587	63	182	245	182
Thu May 23 13:56:27 2024	1716472587	63	182	245	182
Thu May 23 13:56:27 2024	1716472587	63	182	246	182
Thu May 23 13:56:27 2024	1716472587	63	183	246	183
Thu May 23 13:56:27 2024	1716472587	63	183	246	183
Thu May 23 13:56:27 2024	1716472587	64	183	247	183
Thu May 23 13:56:27 2024	1716472587	65	182	247	182
Thu May 23 13:56:27 2024	1716472587	65	182	247	182
Thu May 23 13:56:27 2024	1716472587	65	183	248	183
Thu May 23 13:56:27 2024	1716472587	65	183	248	183
Thu May 23 13:56:27 2024	1716472587	66	183	248	183
Thu May 23 13:56:27 2024	1716472587	66	183	249	183
Thu May 23 13:56:27 2024	1716472587	66	183	249	183
Thu May 23 13:56:27 2024	1716472587	66	184	250	184
Thu May 23 13:56:27 2024	1716472587	67	183	250	183
Thu May 23 13:56:27 2024	1716472587	67	183	250	183
Thu May 23 13:56:27 2024	1716472587	68	183	251	183
Thu May 23 13:56:27 2024	1716472587	68	183	251	183
Thu May 23 13:56:27 2024	1716472587	68	183	251	183
Thu May 23 13:56:27 2024	1716472587	68	184	252	184
Thu May 23 13:56:27 2024	1716472587	68	184	252	184
Thu May 23 13:56:27 2024	1716472587	68	184	252	184
Thu May 23 13:56:27 2024	1716472587	70	183	253	183
Thu May 23 13:56:27 2024	1716472587	70	183	253	183
Thu May 23 13:56:27 2024	1716472587	70	183	253	183
Thu May 23 13:56:27 2024	1716472587	70	184	254	184
Thu May 23 13:56:27 2024	1716472587	70	184	254	184
Thu May 23 13:56:27 2024	1716472587	70	184	254	184
Thu May 23 13:56:27 2024	1716472587	71	184	255	184
Thu May 23 13:56:27 2024	1716472587	71	184	255	184
Thu May 23 13:56:27 2024	1716472587	72	183	255	183
Thu May 23 13:56:27 2024	1716472587	72	183	256	183
Thu May 23 13:56:27 2024	1716472587	72	184	256	184
Thu May 23 13:56:27 2024	1716472587	73	184	257	184
Thu May 23 13:56:27 2024	1716472587	73	184	257	184
Thu May 23 13:56:27 2024	1716472587	73	184	257	184
Thu May 23 13:56:27 2024	1716472587	73	184	258	184
Thu May 23 13:56:27 2024	1716472587	73	185	258	185
Thu May 23 13:56:27 2024	1716472587	75	183	258	183
Thu May 23 13:56:27 2024	1716472587	75	184	259	184
Thu May 23 13:56:27 2024	1716472587	75	184	259	184
Thu May 23 13:56:27 2024	1716472587	75	184	259	184
Thu May 23 13:56:27 2024	1716472587	75	184	260	184
Thu May 23 13:56:27 2024	1716472587	76	184	260	184
Thu May 23 13:56:27 2024	1716472587	76	185	260	185
Thu May 23 13:56:27 2024	1716472587	76	185	261	185
Thu May 23 13:56:27 2024	1716472587	78	184	261	183
Thu May 23 13:56:27 2024	1716472587	78	184	261	184
Thu May 23 13:56:27 2024	1716472587	78	184	262	184
Thu May 23 13:56:27 2024	1716472587	78	184	262	184
Thu May 23 13:56:27 2024	1716472587	78	184	262	184
Thu May 23 13:56:27 2024	1716472587	78	185	263	185
Thu May 23 13:56:27 2024	1716472587	78	185	263	185
Thu May 23 13:56:27 2024	1716472587	79	185	264	185
Thu May 23 13:56:27 2024	1716472587	80	184	264	184
Thu May 23 13:56:27 2024	1716472587	80	184	264	184
Thu May 23 13:56:27 2024	1716472587	80	184	265	184
Thu May 23 13:56:27 2024	1716472587	81	184	265	184
Thu May 23 13:56:27 2024	1716472587	81	185	265	185
Thu May 23 13:56:27 2024	1716472587	81	185	266	185
Thu May 23 13:56:27 2024	1716472587	81	185	266	185
Thu May 23 13:56:27 2024	1716472587	81	185	266	185
Thu May 23 13:56:27 2024	1716472587	83	184	267	184
Thu May 23 13:56:27 2024	1716472587	83	184	267	184
Thu May 23 13:56:27 2024	1716472587	84	184	267	184
Thu May 23 13:56:27 2024	1716472587	84	184	268	184
Thu May 23 13:56:27 2024	1716472587	84	184	268	184
Thu May 23 13:56:27 2024	1716472587	85	184	269	184
Thu May 23 13:56:27 2024	1716472587	85	184	269	184
Thu May 23 13:56:27 2024	1716472587	85	184	269	184
Thu May 23 13:56:27 2024	1716472587	86	183	270	183
Thu May 23 13:56:27 2024	1716472587	87	183	270	183
Thu May 23 13:56:27 2024	1716472587	87	183	270	183
Thu May 23 13:56:27 2024	1716472587	87	184	271	184
Thu May 23 13:56:27 2024	1716472587	87	184	271	184
Thu May 23 13:56:27 2024	1716472587	87	184	271	184
Thu May 23 13:56:27 2024	1716472587	87	184	272	184
Thu May 23 13:56:27 2024	1716472587	88	184	272	184
Thu May 23 13:56:27 2024	1716472587	89	183	272	183
Thu May 23 13:56:27 2024	1716472587	89	183	273	183
Thu May 23 13:56:27 2024	1716472587	90	183	273	183
Thu May 23 13:56:27 2024	1716472587	90	184	273	184
Thu May 23 13:56:27 2024	1716472587	90	184	274	184
Thu May 23 13:56:27 2024	1716472587	90	184	274	184
Thu May 23 13:56:27 2024	1716472587	90	184	274	184
Thu May 23 13:56:27 2024	1716472587	90	185	275	185
Thu May 23 13:56:27 2024	1716472587	92	183	275	183
Thu May 23 13:56:27 2024	1716472587	92	183	276	183
Thu May 23 13:56:27 2024	1716472587	92	184	276	184
Thu May 23 13:56:27 2024	1716472587	92	184	276	184
Thu May 23 13:56:27 2024	1716472587	93	184	277	184
Thu May 23 13:56:27 2024	1716472587	93	184	277	184
Thu May 23 13:56:27 2024	1716472587	93	184	277	184
Thu May 23 13:56:27 2024	1716472587	93	185	278	185
Thu May 23 13:56:27 2024	1716472587	95	183	278	183
Thu May 23 13:56:27 2024	1716472587	95	184	278	184
Thu May 23 13:56:27 2024	1716472587	95	184	279	184
Thu May 23 13:56:27 2024	1716472587	95	184	279	184
Thu May 23 13:56:27 2024	1716472587	95	184	280	184
Thu May 23 13:56:27 2024	1716472587	96	184	280	184
Thu May 23 13:56:27 2024	1716472587	96	185	280	185
Thu May 23 13:56:27 2024	1716472587	96	185	281	185
Thu May 23 13:56:27 2024	1716472587	97	183	281	183
Thu May 23 13:56:27 2024	1716472587	98	185	283	185
Thu May 23 13:56:27 2024	1716472587	98	185	283	185
Thu May 23 13:56:27 2024	1716472587	98	186	284	186
Thu May 23 13:56:27 2024	1716472587	100	183	284	183
Thu May 23 13:56:27 2024	1716472587	100	184	284	184
Thu May 23 13:56:27 2024	1716472587	101	184	284	184
Thu May 23 13:56:27 2024	1716472587	101	184	285	184
Thu May 23 13:56:27 2024	1716472587	101	184	285	184
Thu May 23 13:56:27 2024	1716472587	101	184	286	184
Thu May 23 13:56:27 2024	1716472587	101	185	286	185
Thu May 23 13:56:27 2024	1716472587	102	185	286	185
Thu May 23 13:56:27 2024	1716472587	103	183	287	183
Thu May 23 13:56:27 2024	1716472587	103	184	287	184
Thu May 23 13:56:27 2024	1716472587	103	184	287	184
Thu May 23 13:56:27 2024	1716472587	104	184	288	184
Thu May 23 13:56:27 2024	1716472587	104	184	288	184
Thu May 23 13:56:27 2024	1716472587	104	184	288	184
Thu May 23 13:56:27 2024	1716472587	104	185	289	185
Thu May 23 13:56:27 2024	1716472587	104	185	289	185
Thu May 23 13:56:27 2024	1716472587	106	183	289	183
Thu May 23 13:56:27 2024	1716472587	106	183	290	183
Thu May 23 13:56:27 2024	1716472587	107	184	290	184
Thu May 23 13:56:27 2024	1716472587	107	184	290	184
Thu May 23 13:56:27 2024	1716472587	107	184	291	184
Thu May 23 13:56:27 2024	1716472587	107	184	291	184
Thu May 23 13:56:27 2024	1716472587	107	184	292	184
Thu May 23 13:56:27 2024	1716472587	107	184	292	184
Thu May 23 13:56:27 2024	1716472587	109	183	292	183
Thu May 23 13:56:27 2024	1716472587	109	183	293	183
Thu May 23 13:56:27 2024	1716472587	110	183	293	183
Thu May 23 13:56:27 2024	1716472587	110	184	293	184
Thu May 23 13:56:27 2024	1716472587	110	184	294	184
Thu May 23 13:56:27 2024	1716472587	110	184	294	184
Thu May 23 13:56:27 2024	1716472587	110	184	294	184
Thu May 23 13:56:27 2024	1716472587	110	184	295	184
Thu May 23 13:56:27 2024	1716472587	112	183	295	183
Thu May 23 13:56:27 2024	1716472587	112	183	295	183
Thu May 23 13:56:27 2024	1716472587	113	183	296	183
Thu May 23 13:56:27 2024	1716472587	113	183	296	183
Thu May 23 13:56:27 2024	1716472587	113	184	296	184
Thu May 23 13:56:27 2024	1716472587	113	184	297	184
Thu May 23 13:56:27 2024	1716472587	113	184	297	184
Thu May 23 13:56:27 2024	1716472587	113	184	298	184
Thu May 23 13:56:27 2024	1716472587	115	183	298	183
Thu May 23 13:56:27 2024	1716472587	115	183	298	183
Thu May 23 13:56:27 2024	1716472587	116	183	299	183
Thu May 23 13:56:27 2024	1716472587	116	183	299	183
Thu May 23 13:56:27 2024	1716472587	116	183	299	183
Thu May 23 13:56:27 2024	1716472587	116	184	300	184
Thu May 23 13:56:27 2024	1716472587	116	184	300	184
Thu May 23 13:56:27 2024	1716472587	116	184	300	184
Thu May 23 13:56:27 2024	1716472587	118	182	301	182
Thu May 23 13:56:27 2024	1716472587	118	183	301	183
Thu May 23 13:56:27 2024	1716472587	119	183	301	183
Thu May 23 13:56:27 2024	1716472587	119	183	302	183
Thu May 23 13:56:27 2024	1716472587	119	183	302	183
Thu May 23 13:56:27 2024	1716472587	119	183	303	183
Thu May 23 13:56:27 2024	1716472587	119	184	303	184
Thu May 23 13:56:27 2024	1716472587	120	184	303	184
Thu May 23 13:56:27 2024	1716472587	121	182	304	182
Thu May 23 13:56:27 2024	1716472587	121	183	304	183
Thu May 23 13:56:27 2024	1716472587	122	183	304	183
Thu May 23 13:56:27 2024	1716472587	122	183	305	183
Thu May 23 13:56:27 2024	1716472587	122	183	305	183
Thu May 23 13:56:27 2024	1716472587	122	183	306	183
Thu May 23 13:56:27 2024	1716472587	122	184	306	184
Thu May 23 13:56:27 2024	1716472587	123	184	306	184
Thu May 23 13:56:27 2024	1716472587	124	182	306	182
Thu May 23 13:56:27 2024	1716472587	124	182	307	182
Thu May 23 13:56:27 2024	1716472587	125	182	307	182
Thu May 23 13:56:27 2024	1716472587	125	183	307	183
Thu May 23 13:56:27 2024	1716472587	125	183	308	183
Thu May 23 13:56:27 2024	1716472587	125	183	308	183
Thu May 23 13:56:27 2024	1716472587	125	183	309	183
Thu May 23 13:56:27 2024	1716472587	126	183	309	183
Thu May 23 13:56:27 2024	1716472587	127	182	309	182
Thu May 23 13:56:27 2024	1716472587	128	182	310	182
Thu May 23 13:56:27 2024	1716472587	128	182	310	182
Thu May 23 13:56:27 2024	1716472587	128	182	310	182
Thu May 23 13:56:27 2024	1716472587	128	183	311	183
Thu May 23 13:56:27 2024	1716472587	128	183	311	183
Thu May 23 13:56:27 2024	1716472587	129	183	312	183
Thu May 23 13:56:27 2024	1716472587	131	182	312	181
Thu May 23 13:56:27 2024	1716472587	131	182	312	182
Thu May 23 13:56:27 2024	1716472587	131	182	313	182
Thu May 23 13:56:27 2024	1716472587	131	182	313	182
Thu May 23 13:56:27 2024	1716472587	131	182	314	182
Thu May 23 13:56:27 2024	1716472587	132	182	314	182
Thu May 23 13:56:27 2024	1716472587	132	183	314	183
Thu May 23 13:56:27 2024	1716472587	132	183	315	183
Thu May 23 13:56:27 2024	1716472587	134	181	315	181
Thu May 23 13:56:27 2024	1716472587	134	181	315	181
Thu May 23 13:56:27 2024	1716472587	134	181	316	181
Thu May 23 13:56:27 2024	1716472587	135	182	316	182
Thu May 23 13:56:27 2024	1716472587	135	182	317	182
Thu May 23 13:56:27 2024	1716472587	135	182	317	182
Thu May 23 13:56:27 2024	1716472587	135	182	317	182
Thu May 23 13:56:27 2024	1716472587	135	182	318	182
Thu May 23 13:56:27 2024	1716472587	138	180	318	180
Thu May 23 13:56:27 2024	1716472587	139	180	318	180
Thu May 23 13:56:27 2024	1716472587	139	179	319	179
Thu May 23 13:56:27 2024	1716472587	140	179	319	179
Thu May 23 13:56:27 2024	1716472587	140	179	320	179
Thu May 23 13:56:27 2024	1716472587	141	179	320	179
Thu May 23 13:56:27 2024	1716472587	141	180	320	180
Thu May 23 13:56:27 2024	1716472587	141	180	321	180
Thu May 23 13:56:27 2024	1716472587	141	180	321	180
Thu May 23 13:56:27 2024	1716472587	141	180	321	180
Thu May 23 13:56:27 2024	1716472587	142	180	322	180
Thu May 23 13:56:27 2024	1716472587	142	180	322	180
Thu May 23 13:56:27 2024	1716472587	142	180	322	180
Thu May 23 13:56:27 2024	1716472587	142	181	323	181
Thu May 23 13:56:27 2024	1716472587	142	181	323	181
Thu May 23 13:56:27 2024	1716472587	143	180	323	180
Thu May 23 13:56:27 2024	1716472587	143	180	323	180
Thu May 23 13:56:27 2024	1716472587	143	180	323	180
Thu May 23 13:56:27 2024	1716472587	143	180	324	180
Thu May 23 13:56:27 2024	1716472587	144	181	324	181
Thu May 23 13:56:27 2024	1716472587	144	181	325	181
Thu May 23 13:56:27 2024	1716472587	144	181	325	181
Thu May 23 13:56:27 2024	1716472587	144	181	325	181
Thu May 23 13:56:27 2024	1716472587	147	179	326	179
Thu May 23 13:56:28 2024	1716472588	0	329	329	506
Thu May 23 13:56:28 2024	1716472588	0	329	329	506
Thu May 23 13:56:28 2024	1716472588	0	330	330	507
Thu May 23 13:56:28 2024	1716472588	0	330	330	507
Thu May 23 13:56:28 2024	1716472588	0	330	330	507
Thu May 23 13:56:28 2024	1716472588	0	330	330	508
Thu May 23 13:56:28 2024	1716472588	0	330	330	508
Thu May 23 13:56:28 2024	1716472588	0	331	331	508
Thu May 23 13:56:28 2024	1716472588	0	331	331	511
Thu May 23 13:56:28 2024	1716472588	0	331	331	1210
Thu May 23 13:56:28 2024	1716472588	0	331	331	510
Thu May 23 13:56:28 2024	1716472588	0	331	331	1210
Thu May 23 13:56:28 2024	1716472588	0	331	331	510
Thu May 23 13:56:28 2024	1716472588	0	332	332	510
Thu May 23 13:56:28 2024	1716472588	0	332	332	511
Thu May 23 13:56:28 2024	1716472588	0	332	332	1211
Thu May 23 13:56:28 2024	1716472588	0	332	332	1211
Thu May 23 13:56:28 2024	1716472588	0	332	332	511
Thu May 23 13:56:28 2024	1716472588	0	332	332	1211
Thu May 23 13:56:28 2024	1716472588	0	332	332	511
Thu May 23 13:56:28 2024	1716472588	0	332	332	510
Thu May 23 13:56:28 2024	1716472588	0	332	332	511
Thu May 23 13:56:28 2024	1716472588	0	333	333	510
Thu May 23 13:56:28 2024	1716472588	0	333	333	511
Thu May 23 13:56:28 2024	1716472588	0	333	333	511
Thu May 23 13:56:28 2024	1716472588	0	333	333	512
Thu May 23 13:56:28 2024	1716472588	0	333	333	511
Thu May 23 13:56:28 2024	1716472588	0	333	333	512
Thu May 23 13:56:28 2024	1716472588	0	333	333	512
Thu May 23 13:56:28 2024	1716472588	0	333	333	512
Thu May 23 13:56:28 2024	1716472588	0	333	333	512
Thu May 23 13:56:28 2024	1716472588	0	334	334	513
Thu May 23 13:56:28 2024	1716472588	0	334	334	515
Thu May 23 13:56:28 2024	1716472588	0	335	335	515
Thu May 23 13:56:28 2024	1716472588	0	335	335	515
Thu May 23 13:56:28 2024	1716472588	0	335	335	515
Thu May 23 13:56:28 2024	1716472588	0	335	335	516
Thu May 23 13:56:28 2024	1716472588	0	335	335	1216
Thu May 23 13:56:28 2024	1716472588	0	335	335	1216
Thu May 23 13:56:28 2024	1716472588	0	335	335	516
Thu May 23 13:56:28 2024	1716472588	0	335	335	515
Thu May 23 13:56:28 2024	1716472588	0	335	335	516
Thu May 23 13:56:28 2024	1716472588	0	335	335	516
Thu May 23 13:56:28 2024	1716472588	0	335	335	516
Thu May 23 13:56:28 2024	1716472588	0	336	336	516
Thu May 23 13:56:28 2024	1716472588	0	336	336	1216
Thu May 23 13:56:28 2024	1716472588	0	336	336	516
Thu May 23 13:56:28 2024	1716472588	0	336	336	517
Thu May 23 13:56:28 2024	1716472588	0	336	336	518
Thu May 23 13:56:28 2024	1716472588	0	337	337	518
Thu May 23 13:56:28 2024	1716472588	0	337	337	516
Thu May 23 13:56:28 2024	1716472588	0	337	337	517
Thu May 23 13:56:28 2024	1716472588	0	337	337	518
Thu May 23 13:56:28 2024	1716472588	0	337	337	519
Thu May 23 13:56:28 2024	1716472588	0	337	337	517
Thu May 23 13:56:28 2024	1716472588	0	337	337	517
Thu May 23 13:56:28 2024	1716472588	0	337	337	518
Thu May 23 13:56:28 2024	1716472588	0	337	337	518
Thu May 23 13:56:28 2024	1716472588	0	337	337	518
Thu May 23 13:56:28 2024	1716472588	0	337	337	518
Thu May 23 13:56:28 2024	1716472588	0	337	337	517
Thu May 23 13:56:28 2024	1716472588	0	337	337	519
Thu May 23 13:56:28 2024	1716472588	0	337	337	518
Thu May 23 13:56:28 2024	1716472588	0	337	337	517
Thu May 23 13:56:28 2024	1716472588	0	337	337	518
Thu May 23 13:56:28 2024	1716472588	0	337	337	518
Thu May 23 13:56:28 2024	1716472588	0	337	337	518
Thu May 23 13:56:28 2024	1716472588	0	338	338	519
Thu May 23 13:56:28 2024	1716472588	0	338	338	519
Thu May 23 13:56:28 2024	1716472588	0	338	338	520
Thu May 23 13:56:28 2024	1716472588	0	338	338	519
Thu May 23 13:56:28 2024	1716472588	0	338	338	519
Thu May 23 13:56:28 2024	1716472588	0	338	338	1644
Thu May 23 13:56:28 2024	1716472588	0	338	338	1644
Thu May 23 13:56:28 2024	1716472588	0	338	338	520
Thu May 23 13:56:28 2024	1716472588	0	339	339	522
Thu May 23 13:56:28 2024	1716472588	0	339	339	520
Thu May 23 13:56:28 2024	1716472588	0	339	339	522
Thu May 23 13:56:28 2024	1716472588	0	339	339	520
Thu May 23 13:56:28 2024	1716472588	0	340	340	522
Thu May 23 13:56:28 2024	1716472588	0	341	341	523
Thu May 23 13:56:28 2024	1716472588	0	341	341	523
Thu May 23 13:56:28 2024	1716472588	0	341	341	523
Thu May 23 13:56:28 2024	1716472588	0	342	342	524
Thu May 23 13:56:28 2024	1716472588	0	342	342	524
Thu May 23 13:56:28 2024	1716472588	0	342	342	524
Thu May 23 13:56:28 2024	1716472588	0	342	342	524
Thu May 23 13:56:28 2024	1716472588	0	342	342	524
Thu May 23 13:56:28 2024	1716472588	0	342	342	524
Thu May 23 13:56:28 2024	1716472588	0	342	342	524
Thu May 23 13:56:28 2024	1716472588	0	343	343	525
Thu May 23 13:56:28 2024	1716472588	0	343	343	525
Thu May 23 13:56:28 2024	1716472588	0	343	343	525
Thu May 23 13:56:28 2024	1716472588	0	343	343	525
Thu May 23 13:56:28 2024	1716472588	0	344	344	526
Thu May 23 13:56:28 2024	1716472588	0	344	344	526
Thu May 23 13:56:28 2024	1716472588	0	344	344	526
Thu May 23 13:56:28 2024	1716472588	0	344	344	527
Thu May 23 13:56:28 2024	1716472588	0	344	344	526
Thu May 23 13:56:28 2024	1716472588	0	344	344	527
Thu May 23 13:56:28 2024	1716472588	0	344	344	527
Thu May 23 13:56:28 2024	1716472588	0	344	344	527
Thu May 23 13:56:28 2024	1716472588	0	344	344	527
Thu May 23 13:56:28 2024	1716472588	172	173	344	173
Thu May 23 13:56:28 2024	1716472588	172	172	344	172
Thu May 23 13:56:28 2024	1716472588	0	344	344	527
Thu May 23 13:56:28 2024	1716472588	172	172	345	172
Thu May 23 13:56:28 2024	1716472588	0	345	345	527
Thu May 23 13:56:28 2024	1716472588	0	345	345	528
Thu May 23 13:56:28 2024	1716472588	173	172	345	172
Thu May 23 13:56:28 2024	1716472588	173	172	345	172
Thu May 23 13:56:28 2024	1716472588	0	345	345	528
Thu May 23 13:56:28 2024	1716472588	0	345	345	528
Thu May 23 13:56:28 2024	1716472588	173	172	345	172
Thu May 23 13:56:28 2024	1716472588	0	345	345	528
Thu May 23 13:56:28 2024	1716472588	0	345	345	528
Thu May 23 13:56:28 2024	1716472588	173	172	345	172
Thu May 23 13:56:28 2024	1716472588	0	345	345	528
Thu May 23 13:56:28 2024	1716472588	0	346	346	528
Thu May 23 13:56:28 2024	1716472588	173	172	346	172
Thu May 23 13:56:28 2024	1716472588	173	172	346	172
Thu May 23 13:56:28 2024	1716472588	0	346	346	529
Thu May 23 13:56:28 2024	1716472588	0	346	346	529
Thu May 23 13:56:28 2024	1716472588	0	346	346	529
Thu May 23 13:56:28 2024	1716472588	0	346	346	529
Thu May 23 13:56:28 2024	1716472588	0	346	346	528
Thu May 23 13:56:28 2024	1716472588	173	173	346	173
Thu May 23 13:56:28 2024	1716472588	173	173	346	173
Thu May 23 13:56:28 2024	1716472588	173	173	346	173
Thu May 23 13:56:28 2024	1716472588	173	173	346	173
Thu May 23 13:56:28 2024	1716472588	174	174	347	174
Thu May 23 13:56:28 2024	1716472588	174	174	347	174
Thu May 23 13:56:28 2024	1716472588	174	173	347	173
Thu May 23 13:56:28 2024	1716472588	174	174	347	174
Thu May 23 13:56:28 2024	1716472588	174	174	347	174
Thu May 23 13:56:28 2024	1716472588	174	174	347	174
Thu May 23 13:56:28 2024	1716472588	174	173	347	173
Thu May 23 13:56:28 2024	1716472588	174	174	347	174
Thu May 23 13:56:28 2024	1716472588	173	174	347	174
Thu May 23 13:56:28 2024	1716472588	174	174	347	174
Thu May 23 13:56:28 2024	1716472588	174	174	347	174
Thu May 23 13:56:28 2024	1716472588	173	174	347	174
Thu May 23 13:56:28 2024	1716472588	173	174	347	174
Thu May 23 13:56:28 2024	1716472588	173	174	347	174
Thu May 23 13:56:28 2024	1716472588	173	175	348	175
Thu May 23 13:56:28 2024	1716472588	173	175	348	175
Thu May 23 13:56:28 2024	1716472588	173	175	348	175
Thu May 23 13:56:28 2024	1716472588	175	173	348	173
Thu May 23 13:56:28 2024	1716472588	175	173	348	173
Thu May 23 13:56:28 2024	1716472588	175	173	348	173
Thu May 23 13:56:28 2024	1716472588	175	173	348	173
Thu May 23 13:56:28 2024	1716472588	175	173	348	173
Thu May 23 13:56:28 2024	1716472588	175	174	349	174
Thu May 23 13:56:28 2024	1716472588	174	175	349	175
Thu May 23 13:56:28 2024	1716472588	174	175	349	175
Thu May 23 13:56:28 2024	1716472588	175	174	349	174
Thu May 23 13:56:28 2024	1716472588	175	174	349	174
Thu May 23 13:56:28 2024	1716472588	175	174	349	174
Thu May 23 13:56:28 2024	1716472588	175	174	349	174
Thu May 23 13:56:28 2024	1716472588	175	174	349	174
Thu May 23 13:56:28 2024	1716472588	175	174	349	174
Thu May 23 13:56:28 2024	1716472588	174	175	349	175
Thu May 23 13:56:28 2024	1716472588	175	174	349	174
Thu May 23 13:56:28 2024	1716472588	175	174	349	174
Thu May 23 13:56:28 2024	1716472588	175	174	349	174
Thu May 23 13:56:28 2024	1716472588	174	175	349	175
Thu May 23 13:56:28 2024	1716472588	175	174	349	174
Thu May 23 13:56:28 2024	1716472588	174	175	349	175
Thu May 23 13:56:28 2024	1716472588	175	174	349	174
Thu May 23 13:56:28 2024	1716472588	174	175	349	175
Thu May 23 13:56:28 2024	1716472588	174	175	349	175
Thu May 23 13:56:28 2024	1716472588	175	174	349	174
Thu May 23 13:56:28 2024	1716472588	174	175	349	175
Thu May 23 13:56:28 2024	1716472588	175	174	349	174
Thu May 23 13:56:28 2024	1716472588	174	175	349	175
Thu May 23 13:56:28 2024	1716472588	175	175	349	175
Thu May 23 13:56:28 2024	1716472588	175	174	349	174
Thu May 23 13:56:28 2024	1716472588	175	175	349	175
Thu May 23 13:56:28 2024	1716472588	174	175	349	175
Thu May 23 13:56:28 2024	1716472588	175	175	349	175
Thu May 23 13:56:28 2024	1716472588	175	175	349	175
Thu May 23 13:56:28 2024	1716472588	174	175	350	175
Thu May 23 13:56:28 2024	1716472588	175	175	350	175
Thu May 23 13:56:28 2024	1716472588	175	175	350	175
Thu May 23 13:56:28 2024	1716472588	175	175	350	175
Thu May 23 13:56:28 2024	1716472588	175	175	350	175
Thu May 23 13:56:28 2024	1716472588	175	175	350	175
Thu May 23 13:56:28 2024	1716472588	175	175	350	175
Thu May 23 13:56:28 2024	1716472588	175	174	350	174
Thu May 23 13:56:28 2024	1716472588	175	175	350	175
Thu May 23 13:56:28 2024	1716472588	174	176	350	176
Thu May 23 13:56:28 2024	1716472588	175	175	350	175
Thu May 23 13:56:28 2024	1716472588	174	176	350	176
Thu May 23 13:56:28 2024	1716472588	174	176	350	176
Thu May 23 13:56:28 2024	1716472588	175	176	350	176
Thu May 23 13:56:28 2024	1716472588	174	176	350	176
Thu May 23 13:56:28 2024	1716472588	174	176	350	176
Thu May 23 13:56:28 2024	1716472588	174	176	350	176
Thu May 23 13:56:28 2024	1716472588	174	176	350	176
Thu May 23 13:56:28 2024	1716472588	174	176	350	176
Thu May 23 13:56:28 2024	1716472588	174	176	350	176
Thu May 23 13:56:28 2024	1716472588	174	176	350	176
Thu May 23 13:56:28 2024	1716472588	174	176	350	176
Thu May 23 13:56:28 2024	1716472588	174	176	350	176
Thu May 23 13:56:28 2024	1716472588	174	176	350	176
Thu May 23 13:56:28 2024	1716472588	174	176	350	176
Thu May 23 13:56:28 2024	1716472588	174	176	350	176
Thu May 23 13:56:28 2024	1716472588	174	176	350	176
Thu May 23 13:56:28 2024	1716472588	174	176	350	176
Thu May 23 13:56:28 2024	1716472588	174	176	350	176
Thu May 23 13:56:28 2024	1716472588	174	176	350	176
Thu May 23 13:56:28 2024	1716472588	173	177	351	177
Thu May 23 13:56:28 2024	1716472588	174	177	351	177
Thu May 23 13:56:28 2024	1716472588	174	176	351	176
Thu May 23 13:56:28 2024	1716472588	175	176	351	176
Thu May 23 13:56:28 2024	1716472588	173	177	351	177
Thu May 23 13:56:28 2024	1716472588	174	176	351	176
Thu May 23 13:56:28 2024	1716472588	174	177	351	177
Thu May 23 13:56:28 2024	1716472588	174	177	351	177
Thu May 23 13:56:28 2024	1716472588	174	177	351	177
Thu May 23 13:56:28 2024	1716472588	174	177	351	177
Thu May 23 13:56:28 2024	1716472588	174	177	351	177
Thu May 23 13:56:28 2024	1716472588	174	177	351	177
Thu May 23 13:56:28 2024	1716472588	174	177	351	177
Thu May 23 13:56:28 2024	1716472588	174	176	351	176
Thu May 23 13:56:28 2024	1716472588	174	177	351	177
Thu May 23 13:56:28 2024	1716472588	174	176	351	176
Thu May 23 13:56:28 2024	1716472588	174	177	351	177
Thu May 23 13:56:28 2024	1716472588	173	177	351	177
Thu May 23 13:56:28 2024	1716472588	173	177	351	177
Thu May 23 13:56:28 2024	1716472588	174	177	351	177
Thu May 23 13:56:28 2024	1716472588	174	177	351	177
Thu May 23 13:56:28 2024	1716472588	173	178	351	178
Thu May 23 13:56:28 2024	1716472588	174	176	351	176
Thu May 23 13:56:28 2024	1716472588	174	177	351	177
Thu May 23 13:56:28 2024	1716472588	174	176	351	176
Thu May 23 13:56:28 2024	1716472588	174	177	351	177
Thu May 23 13:56:28 2024	1716472588	174	177	351	177
Thu May 23 13:56:28 2024	1716472588	175	176	351	176
Thu May 23 13:56:28 2024	1716472588	174	176	351	176
Thu May 23 13:56:28 2024	1716472588	175	176	351	176
Thu May 23 13:56:28 2024	1716472588	175	176	351	176
Thu May 23 13:56:28 2024	1716472588	174	177	351	177
Thu May 23 13:56:28 2024	1716472588	174	177	351	177
Thu May 23 13:56:28 2024	1716472588	175	176	351	176
Thu May 23 13:56:28 2024	1716472588	174	177	351	177
Thu May 23 13:56:28 2024	1716472588	174	177	351	177
Thu May 23 13:56:28 2024	1716472588	174	177	351	177
Thu May 23 13:56:28 2024	1716472588	175	176	351	176
Thu May 23 13:56:28 2024	1716472588	174	177	351	177
Thu May 23 13:56:28 2024	1716472588	174	177	351	177
Thu May 23 13:56:28 2024	1716472588	174	177	351	177
Thu May 23 13:56:28 2024	1716472588	174	176	351	176
Thu May 23 13:56:28 2024	1716472588	174	177	351	177
Thu May 23 13:56:28 2024	1716472588	174	177	351	177
Thu May 23 13:56:28 2024	1716472588	174	177	351	177
Thu May 23 13:56:28 2024	1716472588	175	176	351	176
Thu May 23 13:56:28 2024	1716472588	174	177	351	177
Thu May 23 13:56:28 2024	1716472588	174	177	351	177
Thu May 23 13:56:28 2024	1716472588	174	177	351	177
Thu May 23 13:56:28 2024	1716472588	174	177	351	177
Thu May 23 13:56:28 2024	1716472588	174	177	351	177
Thu May 23 13:56:28 2024	1716472588	174	177	351	177
Thu May 23 13:56:28 2024	1716472588	174	177	351	177
Thu May 23 13:56:28 2024	1716472588	174	177	351	177
Thu May 23 13:56:28 2024	1716472588	174	177	351	177
Thu May 23 13:56:28 2024	1716472588	174	177	351	177
Thu May 23 13:56:28 2024	1716472588	174	177	351	177
Thu May 23 13:56:28 2024	1716472588	174	177	351	177
Thu May 23 13:56:28 2024	1716472588	174	177	351	177
Thu May 23 13:56:28 2024	1716472588	174	177	351	177
Thu May 23 13:56:28 2024	1716472588	174	177	351	177
Thu May 23 13:56:28 2024	1716472588	174	177	351	177
Thu May 23 13:56:28 2024	1716472588	174	177	352	177
Thu May 23 13:56:28 2024	1716472588	175	177	352	177
Thu May 23 13:56:28 2024	1716472588	175	177	352	177
Thu May 23 13:56:28 2024	1716472588	175	177	352	177
Thu May 23 13:56:28 2024	1716472588	174	177	352	177
Thu May 23 13:56:28 2024	1716472588	175	177	352	177
Thu May 23 13:56:28 2024	1716472588	175	177	352	177
Thu May 23 13:56:28 2024	1716472588	175	177	352	177
Thu May 23 13:56:28 2024	1716472588	175	177	352	177
Thu May 23 13:56:28 2024	1716472588	175	177	352	177
Thu May 23 13:56:28 2024	1716472588	174	178	352	178
Thu May 23 13:56:28 2024	1716472588	174	178	352	178
Thu May 23 13:56:28 2024	1716472588	174	178	352	178
Thu May 23 13:56:28 2024	1716472588	174	178	352	178
Thu May 23 13:56:28 2024	1716472588	174	178	352	178
Thu May 23 13:56:28 2024	1716472588	174	178	352	178
Thu May 23 13:56:28 2024	1716472588	174	178	353	178
Thu May 23 13:56:28 2024	1716472588	181	172	353	172
Thu May 23 13:56:28 2024	1716472588	181	172	353	172
Thu May 23 13:56:28 2024	1716472588	181	172	353	172
Thu May 23 13:56:28 2024	1716472588	181	172	353	172
Thu May 23 13:56:28 2024	1716472588	181	172	353	172
Thu May 23 13:56:28 2024	1716472588	181	172	353	172
Thu May 23 13:56:28 2024	1716472588	181	172	353	172
Thu May 23 13:56:28 2024	1716472588	180	172	353	172
Thu May 23 13:56:28 2024	1716472588	181	172	353	172
Thu May 23 13:56:28 2024	1716472588	181	172	353	172
Thu May 23 13:56:28 2024	1716472588	181	172	353	172
Thu May 23 13:56:28 2024	1716472588	181	172	353	172
Thu May 23 13:56:28 2024	1716472588	181	172	353	172
Thu May 23 13:56:28 2024	1716472588	181	172	353	172
Thu May 23 13:56:28 2024	1716472588	181	172	353	172
Thu May 23 13:56:28 2024	1716472588	181	172	353	172
Thu May 23 13:56:28 2024	1716472588	181	172	354	172
Thu May 23 13:56:28 2024	1716472588	170	184	354	184
Thu May 23 13:56:28 2024	1716472588	170	184	354	184
Thu May 23 13:56:28 2024	1716472588	170	184	354	184
Thu May 23 13:56:28 2024	1716472588	170	184	354	184
Thu May 23 13:56:28 2024	1716472588	170	184	354	184
Thu May 23 13:56:28 2024	1716472588	170	184	354	184
Thu May 23 13:56:28 2024	1716472588	170	184	354	184
Thu May 23 13:56:28 2024	1716472588	179	175	354	175
Thu May 23 13:56:28 2024	1716472588	179	175	354	175
Thu May 23 13:56:28 2024	1716472588	179	175	354	175
Thu May 23 13:56:28 2024	1716472588	181	173	354	173
Thu May 23 13:56:28 2024	1716472588	181	173	354	173
Thu May 23 13:56:28 2024	1716472588	179	175	354	175
Thu May 23 13:56:28 2024	1716472588	179	175	354	175
Thu May 23 13:56:28 2024	1716472588	170	184	354	184
Thu May 23 13:56:28 2024	1716472588	170	184	354	184
Thu May 23 13:56:28 2024	1716472588	170	184	354	184
Thu May 23 13:56:28 2024	1716472588	170	184	354	184
Thu May 23 13:56:28 2024	1716472588	170	184	354	184
Thu May 23 13:56:28 2024	1716472588	170	184	354	184
Thu May 23 13:56:28 2024	1716472588	170	184	354	184
Thu May 23 13:56:28 2024	1716472588	178	177	355	176
Thu May 23 13:56:28 2024	1716472588	178	177	355	177
Thu May 23 13:56:28 2024	1716472588	178	177	355	177
Thu May 23 13:56:28 2024	1716472588	178	177	355	177
Thu May 23 13:56:28 2024	1716472588	179	176	355	176
Thu May 23 13:56:28 2024	1716472588	172	183	355	183
Thu May 23 13:56:28 2024	1716472588	179	176	355	176
Thu May 23 13:56:28 2024	1716472588	179	176	355	176
Thu May 23 13:56:28 2024	1716472588	172	183	355	183
Thu May 23 13:56:28 2024	1716472588	172	183	355	183
Thu May 23 13:56:28 2024	1716472588	172	183	355	183
Thu May 23 13:56:28 2024	1716472588	172	183	355	183
Thu May 23 13:56:28 2024	1716472588	172	183	355	183
Thu May 23 13:56:28 2024	1716472588	170	185	355	185
Thu May 23 13:56:28 2024	1716472588	172	183	355	183
Thu May 23 13:56:28 2024	1716472588	172	183	355	183
Thu May 23 13:56:28 2024	1716472588	170	185	355	185
Thu May 23 13:56:28 2024	1716472588	170	185	355	185
Thu May 23 13:56:28 2024	1716472588	172	184	355	184
Thu May 23 13:56:28 2024	1716472588	172	184	355	184
Thu May 23 13:56:28 2024	1716472588	172	184	355	184
Thu May 23 13:56:28 2024	1716472588	170	185	355	185
Thu May 23 13:56:28 2024	1716472588	170	185	355	185
Thu May 23 13:56:28 2024	1716472588	170	185	355	185
Thu May 23 13:56:28 2024	1716472588	170	185	355	185
Thu May 23 13:56:28 2024	1716472588	172	183	355	183
Thu May 23 13:56:28 2024	1716472588	170	185	355	185
Thu May 23 13:56:28 2024	1716472588	170	185	355	185
Thu May 23 13:56:28 2024	1716472588	170	185	355	185
Thu May 23 13:56:28 2024	1716472588	172	183	355	183
Thu May 23 13:56:28 2024	1716472588	172	183	355	183
Thu May 23 13:56:28 2024	1716472588	172	183	355	183
Thu May 23 13:56:28 2024	1716472588	172	183	355	183
Thu May 23 13:56:28 2024	1716472588	172	183	355	183
Thu May 23 13:56:28 2024	1716472588	172	183	355	183
Thu May 23 13:56:28 2024	1716472588	172	184	355	184
Thu May 23 13:56:28 2024	1716472588	172	184	356	184
Thu May 23 13:56:28 2024	1716472588	172	184	356	184
Thu May 23 13:56:28 2024	1716472588	172	184	356	184
Thu May 23 13:56:28 2024	1716472588	172	184	356	184
Thu May 23 13:56:28 2024	1716472588	172	184	356	184
Thu May 23 13:56:28 2024	1716472588	177	179	356	179
Thu May 23 13:56:28 2024	1716472588	172	184	356	184
Thu May 23 13:56:28 2024	1716472588	182	173	356	173
Thu May 23 13:56:28 2024	1716472588	177	179	356	179
Thu May 23 13:56:28 2024	1716472588	172	184	356	184
Thu May 23 13:56:28 2024	1716472588	177	179	356	179
Thu May 23 13:56:28 2024	1716472588	177	179	356	179
Thu May 23 13:56:28 2024	1716472588	177	179	356	179
Thu May 23 13:56:28 2024	1716472588	177	179	356	179
Thu May 23 13:56:28 2024	1716472588	182	174	356	174
Thu May 23 13:56:28 2024	1716472588	177	179	356	179
Thu May 23 13:56:28 2024	1716472588	180	176	356	176
Thu May 23 13:56:28 2024	1716472588	177	179	356	179
Thu May 23 13:56:28 2024	1716472588	177	179	356	179
Thu May 23 13:56:28 2024	1716472588	173	184	356	184
Thu May 23 13:56:28 2024	1716472588	179	178	356	178
Thu May 23 13:56:28 2024	1716472588	173	184	356	184
Thu May 23 13:56:28 2024	1716472588	177	179	356	179
Thu May 23 13:56:28 2024	1716472588	173	184	356	184
Thu May 23 13:56:28 2024	1716472588	180	177	356	177
Thu May 23 13:56:28 2024	1716472588	180	177	357	177
Thu May 23 13:56:28 2024	1716472588	177	179	357	179
Thu May 23 13:56:28 2024	1716472588	177	179	357	179
Thu May 23 13:56:28 2024	1716472588	183	174	357	174
Thu May 23 13:56:28 2024	1716472588	177	180	357	180
Thu May 23 13:56:28 2024	1716472588	180	177	357	177
Thu May 23 13:56:28 2024	1716472588	178	179	357	179
Thu May 23 13:56:28 2024	1716472588	183	174	357	174
Thu May 23 13:56:28 2024	1716472588	173	184	357	184
Thu May 23 13:56:28 2024	1716472588	178	179	357	179
Thu May 23 13:56:28 2024	1716472588	183	174	357	174
Thu May 23 13:56:28 2024	1716472588	177	180	357	180
Thu May 23 13:56:28 2024	1716472588	177	180	357	180
Thu May 23 13:56:28 2024	1716472588	177	180	357	180
Thu May 23 13:56:28 2024	1716472588	177	180	357	180
Thu May 23 13:56:28 2024	1716472588	177	180	357	180
Thu May 23 13:56:28 2024	1716472588	177	180	357	180
Thu May 23 13:56:28 2024	1716472588	177	180	357	180
Thu May 23 13:56:28 2024	1716472588	172	185	357	185
Thu May 23 13:56:28 2024	1716472588	172	185	357	185
Thu May 23 13:56:28 2024	1716472588	173	184	357	184
Thu May 23 13:56:28 2024	1716472588	183	174	357	174
Thu May 23 13:56:28 2024	1716472588	173	184	357	184
Thu May 23 13:56:28 2024	1716472588	173	185	357	185
Thu May 23 13:56:28 2024	1716472588	176	181	357	181
Thu May 23 13:56:28 2024	1716472588	173	185	357	185
Thu May 23 13:56:28 2024	1716472588	173	185	357	185
Thu May 23 13:56:28 2024	1716472588	173	184	357	184
Thu May 23 13:56:28 2024	1716472588	173	184	357	184
Thu May 23 13:56:28 2024	1716472588	172	185	357	185
Thu May 23 13:56:28 2024	1716472588	177	181	357	181
Thu May 23 13:56:28 2024	1716472588	172	185	357	185
Thu May 23 13:56:28 2024	1716472588	177	181	357	181
Thu May 23 13:56:28 2024	1716472588	173	184	357	184
Thu May 23 13:56:28 2024	1716472588	172	185	357	185
Thu May 23 13:56:28 2024	1716472588	183	174	357	174
Thu May 23 13:56:28 2024	1716472588	172	185	357	185
Thu May 23 13:56:28 2024	1716472588	172	185	357	185
Thu May 23 13:56:28 2024	1716472588	172	185	357	185
Thu May 23 13:56:28 2024	1716472588	173	185	357	185
Thu May 23 13:56:28 2024	1716472588	183	174	357	174
Thu May 23 13:56:28 2024	1716472588	183	174	357	174
Thu May 23 13:56:28 2024	1716472588	183	174	357	174
Thu May 23 13:56:28 2024	1716472588	183	174	357	174
Thu May 23 13:56:28 2024	1716472588	180	177	357	177
Thu May 23 13:56:28 2024	1716472588	172	185	357	185
Thu May 23 13:56:28 2024	1716472588	183	174	357	174
Thu May 23 13:56:28 2024	1716472588	184	174	357	174
Thu May 23 13:56:28 2024	1716472588	183	174	357	174
Thu May 23 13:56:28 2024	1716472588	183	174	357	174
Thu May 23 13:56:28 2024	1716472588	177	181	357	181
Thu May 23 13:56:28 2024	1716472588	173	185	357	185
Thu May 23 13:56:28 2024	1716472588	173	184	358	184
Thu May 23 13:56:28 2024	1716472588	173	184	358	184
Thu May 23 13:56:28 2024	1716472588	181	177	358	177
Thu May 23 13:56:28 2024	1716472588	172	185	358	185
Thu May 23 13:56:28 2024	1716472588	172	185	358	185
Thu May 23 13:56:28 2024	1716472588	172	185	358	185
Thu May 23 13:56:28 2024	1716472588	177	180	358	180
Thu May 23 13:56:28 2024	1716472588	177	181	358	181
Thu May 23 13:56:28 2024	1716472588	173	184	358	184
Thu May 23 13:56:28 2024	1716472588	173	184	358	184
Thu May 23 13:56:28 2024	1716472588	173	185	358	185
Thu May 23 13:56:28 2024	1716472588	173	184	358	184
Thu May 23 13:56:28 2024	1716472588	178	180	358	180
Thu May 23 13:56:28 2024	1716472588	172	185	358	185
Thu May 23 13:56:28 2024	1716472588	173	185	358	185
Thu May 23 13:56:28 2024	1716472588	173	185	358	185
Thu May 23 13:56:28 2024	1716472588	172	186	358	186
Thu May 23 13:56:28 2024	1716472588	177	181	358	181
Thu May 23 13:56:28 2024	1716472588	172	186	358	186
Thu May 23 13:56:28 2024	1716472588	173	185	358	185
Thu May 23 13:56:28 2024	1716472588	172	186	358	186
Thu May 23 13:56:28 2024	1716472588	173	185	358	185
Thu May 23 13:56:28 2024	1716472588	172	186	358	186
Thu May 23 13:56:28 2024	1716472588	173	185	358	185
Thu May 23 13:56:28 2024	1716472588	172	186	358	186
Thu May 23 13:56:28 2024	1716472588	172	186	358	186
Thu May 23 13:56:28 2024	1716472588	173	186	358	185
Thu May 23 13:56:28 2024	1716472588	177	181	358	181
Thu May 23 13:56:28 2024	1716472588	172	186	358	186
Thu May 23 13:56:28 2024	1716472588	172	186	358	186
Thu May 23 13:56:28 2024	1716472588	173	185	358	185
Thu May 23 13:56:28 2024	1716472588	172	186	358	186
Thu May 23 13:56:28 2024	1716472588	173	185	358	185
Thu May 23 13:56:28 2024	1716472588	173	186	358	186
Thu May 23 13:56:28 2024	1716472588	173	186	358	186
Thu May 23 13:56:28 2024	1716472588	181	177	358	177
Thu May 23 13:56:28 2024	1716472588	173	185	358	185
Thu May 23 13:56:28 2024	1716472588	178	181	358	181
Thu May 23 13:56:28 2024	1716472588	177	181	358	181
Thu May 23 13:56:28 2024	1716472588	173	185	358	185
Thu May 23 13:56:28 2024	1716472588	173	185	358	185
Thu May 23 13:56:28 2024	1716472588	173	185	358	185
Thu May 23 13:56:28 2024	1716472588	176	182	358	182
Thu May 23 13:56:28 2024	1716472588	174	185	358	185
Thu May 23 13:56:28 2024	1716472588	174	185	358	185
Thu May 23 13:56:28 2024	1716472588	174	185	358	185
Thu May 23 13:56:28 2024	1716472588	173	185	358	185
Thu May 23 13:56:28 2024	1716472588	174	185	358	185
Thu May 23 13:56:28 2024	1716472588	174	185	358	185
Thu May 23 13:56:28 2024	1716472588	173	185	358	185
Thu May 23 13:56:28 2024	1716472588	173	185	358	185
Thu May 23 13:56:28 2024	1716472588	175	183	358	183
Thu May 23 13:56:28 2024	1716472588	174	185	358	185
Thu May 23 13:56:28 2024	1716472588	177	181	358	181
Thu May 23 13:56:28 2024	1716472588	173	185	358	185
Thu May 23 13:56:28 2024	1716472588	172	186	358	186
Thu May 23 13:56:28 2024	1716472588	174	184	358	184
Thu May 23 13:56:28 2024	1716472588	177	181	358	181
Thu May 23 13:56:28 2024	1716472588	174	184	358	184
Thu May 23 13:56:28 2024	1716472588	187	172	358	172
Thu May 23 13:56:28 2024	1716472588	177	181	358	181
Thu May 23 13:56:28 2024	1716472588	174	185	358	185
Thu May 23 13:56:28 2024	1716472588	176	182	358	182
Thu May 23 13:56:28 2024	1716472588	174	185	358	185
Thu May 23 13:56:28 2024	1716472588	174	185	358	185
Thu May 23 13:56:28 2024	1716472588	186	172	358	172
Thu May 23 13:56:28 2024	1716472588	175	183	358	183
Thu May 23 13:56:28 2024	1716472588	173	185	358	185
Thu May 23 13:56:28 2024	1716472588	176	182	358	182
Thu May 23 13:56:28 2024	1716472588	181	177	358	177
Thu May 23 13:56:28 2024	1716472588	173	185	358	185
Thu May 23 13:56:28 2024	1716472588	176	182	358	182
Thu May 23 13:56:28 2024	1716472588	174	185	358	185
Thu May 23 13:56:28 2024	1716472588	178	181	358	181
Thu May 23 13:56:28 2024	1716472588	187	172	358	172
Thu May 23 13:56:28 2024	1716472588	178	181	358	181
Thu May 23 13:56:28 2024	1716472588	174	184	359	184
Thu May 23 13:56:28 2024	1716472588	187	172	359	172
Thu May 23 13:56:28 2024	1716472588	173	185	359	185
Thu May 23 13:56:28 2024	1716472588	175	183	359	183
Thu May 23 13:56:28 2024	1716472588	176	182	359	182
Thu May 23 13:56:28 2024	1716472588	173	185	359	185
Thu May 23 13:56:28 2024	1716472588	181	177	359	177
Thu May 23 13:56:28 2024	1716472588	181	177	359	177
Thu May 23 13:56:28 2024	1716472588	173	185	359	185
Thu May 23 13:56:28 2024	1716472588	174	185	359	185
Thu May 23 13:56:28 2024	1716472588	174	185	359	185
Thu May 23 13:56:28 2024	1716472588	174	185	359	185
Thu May 23 13:56:28 2024	1716472588	178	181	359	181
Thu May 23 13:56:28 2024	1716472588	185	174	359	174
Thu May 23 13:56:28 2024	1716472588	173	185	359	185
Thu May 23 13:56:28 2024	1716472588	175	183	359	183
Thu May 23 13:56:28 2024	1716472588	187	172	359	172
Thu May 23 13:56:28 2024	1716472588	174	184	359	184
Thu May 23 13:56:28 2024	1716472588	174	185	359	185
Thu May 23 13:56:28 2024	1716472588	176	182	359	182
Thu May 23 13:56:28 2024	1716472588	176	182	359	182
Thu May 23 13:56:28 2024	1716472588	181	178	359	178
Thu May 23 13:56:28 2024	1716472588	174	185	359	185
Thu May 23 13:56:28 2024	1716472588	173	185	359	185
Thu May 23 13:56:28 2024	1716472588	174	185	359	185
Thu May 23 13:56:28 2024	1716472588	181	178	359	178
Thu May 23 13:56:28 2024	1716472588	174	185	359	185
Thu May 23 13:56:28 2024	1716472588	187	172	359	172
Thu May 23 13:56:28 2024	1716472588	174	185	359	185
Thu May 23 13:56:28 2024	1716472588	176	182	359	182
Thu May 23 13:56:28 2024	1716472588	179	180	359	180
Thu May 23 13:56:28 2024	1716472588	187	172	359	172
Thu May 23 13:56:28 2024	1716472588	174	185	359	185
Thu May 23 13:56:28 2024	1716472588	179	180	359	180
Thu May 23 13:56:28 2024	1716472588	179	180	359	180
Thu May 23 13:56:28 2024	1716472588	179	180	359	180
Thu May 23 13:56:28 2024	1716472588	175	184	359	184
Thu May 23 13:56:28 2024	1716472588	177	182	359	182
Thu May 23 13:56:28 2024	1716472588	174	185	359	185
Thu May 23 13:56:28 2024	1716472588	179	180	359	180
Thu May 23 13:56:28 2024	1716472588	179	180	359	180
Thu May 23 13:56:28 2024	1716472588	179	180	359	180
Thu May 23 13:56:28 2024	1716472588	187	172	359	172
Thu May 23 13:56:28 2024	1716472588	179	180	359	180
Thu May 23 13:56:28 2024	1716472588	178	181	359	181
Thu May 23 13:56:28 2024	1716472588	174	185	359	185
Thu May 23 13:56:28 2024	1716472588	182	177	359	177
Thu May 23 13:56:28 2024	1716472588	179	180	359	180
Thu May 23 13:56:28 2024	1716472588	179	180	359	180
Thu May 23 13:56:28 2024	1716472588	179	180	359	180
Thu May 23 13:56:28 2024	1716472588	174	185	359	185
Thu May 23 13:56:28 2024	1716472588	179	180	359	180
Thu May 23 13:56:28 2024	1716472588	179	180	359	180
Thu May 23 13:56:28 2024	1716472588	179	180	359	180
Thu May 23 13:56:28 2024	1716472588	174	185	359	185
Thu May 23 13:56:28 2024	1716472588	174	185	359	185
Thu May 23 13:56:28 2024	1716472588	179	180	359	180
Thu May 23 13:56:28 2024	1716472588	188	172	359	172
Thu May 23 13:56:28 2024	1716472588	185	174	359	174
Thu May 23 13:56:28 2024	1716472588	174	185	359	185
Thu May 23 13:56:28 2024	1716472588	181	179	359	179
Thu May 23 13:56:28 2024	1716472588	185	174	359	174
Thu May 23 13:56:28 2024	1716472588	179	180	359	180
Thu May 23 13:56:28 2024	1716472588	176	184	359	184
Thu May 23 13:56:28 2024	1716472588	180	179	359	179
Thu May 23 13:56:28 2024	1716472588	180	179	359	179
Thu May 23 13:56:28 2024	1716472588	181	178	359	178
Thu May 23 13:56:28 2024	1716472588	179	181	359	181
Thu May 23 13:56:28 2024	1716472588	181	178	359	178
Thu May 23 13:56:28 2024	1716472588	181	179	359	179
Thu May 23 13:56:28 2024	1716472588	175	184	359	184
Thu May 23 13:56:28 2024	1716472588	175	184	359	184
Thu May 23 13:56:28 2024	1716472588	175	184	359	184
Thu May 23 13:56:28 2024	1716472588	179	180	359	180
Thu May 23 13:56:28 2024	1716472588	174	185	359	185
Thu May 23 13:56:28 2024	1716472588	185	175	359	175
Thu May 23 13:56:28 2024	1716472588	176	184	360	184
Thu May 23 13:56:28 2024	1716472588	181	179	360	179
Thu May 23 13:56:28 2024	1716472588	181	179	360	179
Thu May 23 13:56:28 2024	1716472588	181	179	360	179
Thu May 23 13:56:28 2024	1716472588	181	179	360	179
Thu May 23 13:56:28 2024	1716472588	181	178	360	178
Thu May 23 13:56:28 2024	1716472588	179	181	360	181
Thu May 23 13:56:28 2024	1716472588	181	179	360	179
Thu May 23 13:56:28 2024	1716472588	181	179	360	179
Thu May 23 13:56:28 2024	1716472588	185	175	360	175
Thu May 23 13:56:28 2024	1716472588	185	175	360	175
Thu May 23 13:56:28 2024	1716472588	181	179	360	179
Thu May 23 13:56:28 2024	1716472588	175	184	360	184
Thu May 23 13:56:28 2024	1716472588	181	179	360	179
Thu May 23 13:56:28 2024	1716472588	185	175	360	175
Thu May 23 13:56:28 2024	1716472588	181	179	360	179
Thu May 23 13:56:28 2024	1716472588	185	175	360	175
Thu May 23 13:56:28 2024	1716472588	185	175	360	175
Thu May 23 13:56:28 2024	1716472588	185	175	360	175
Thu May 23 13:56:28 2024	1716472588	175	184	360	184
Thu May 23 13:56:28 2024	1716472588	185	175	360	175
Thu May 23 13:56:28 2024	1716472588	181	179	360	179
Thu May 23 13:56:28 2024	1716472588	182	178	360	178
Thu May 23 13:56:28 2024	1716472588	180	180	360	180
Thu May 23 13:56:28 2024	1716472588	177	183	360	183
Thu May 23 13:56:28 2024	1716472588	180	180	360	180
Thu May 23 13:56:28 2024	1716472588	180	180	360	180
Thu May 23 13:56:28 2024	1716472588	180	180	360	180
Thu May 23 13:56:28 2024	1716472588	177	182	360	182
Thu May 23 13:56:28 2024	1716472588	185	175	360	175
Thu May 23 13:56:28 2024	1716472588	180	180	360	180
Thu May 23 13:56:28 2024	1716472588	176	184	360	184
Thu May 23 13:56:28 2024	1716472588	176	184	360	184
Thu May 23 13:56:28 2024	1716472588	176	184	360	184
Thu May 23 13:56:28 2024	1716472588	180	180	360	180
Thu May 23 13:56:28 2024	1716472588	176	184	360	184
Thu May 23 13:56:28 2024	1716472588	177	183	360	183
Thu May 23 13:56:28 2024	1716472588	180	180	360	180
Thu May 23 13:56:28 2024	1716472588	180	180	360	180
Thu May 23 13:56:28 2024	1716472588	183	177	360	177
Thu May 23 13:56:28 2024	1716472588	183	177	360	177
Thu May 23 13:56:28 2024	1716472588	180	180	360	180
Thu May 23 13:56:28 2024	1716472588	177	182	360	182
Thu May 23 13:56:28 2024	1716472588	180	180	360	180
Thu May 23 13:56:28 2024	1716472588	180	180	360	180
Thu May 23 13:56:28 2024	1716472588	180	180	360	180
Thu May 23 13:56:28 2024	1716472588	180	180	360	180
Thu May 23 13:56:28 2024	1716472588	177	182	360	182
Thu May 23 13:56:28 2024	1716472588	180	180	360	180
Thu May 23 13:56:28 2024	1716472588	176	184	360	184
Thu May 23 13:56:28 2024	1716472588	182	178	360	178
Thu May 23 13:56:28 2024	1716472588	180	180	360	180
Thu May 23 13:56:28 2024	1716472588	178	182	360	182
Thu May 23 13:56:28 2024	1716472588	176	184	360	184
Thu May 23 13:56:28 2024	1716472588	177	183	360	183
Thu May 23 13:56:28 2024	1716472588	178	182	360	182
Thu May 23 13:56:28 2024	1716472588	185	175	360	175
Thu May 23 13:56:28 2024	1716472588	178	182	360	182
Thu May 23 13:56:28 2024	1716472588	185	175	360	175
Thu May 23 13:56:28 2024	1716472588	185	175	360	175
Thu May 23 13:56:28 2024	1716472588	176	184	360	184
Thu May 23 13:56:28 2024	1716472588	188	172	360	172
Thu May 23 13:56:28 2024	1716472588	178	182	360	182
Thu May 23 13:56:28 2024	1716472588	177	183	360	183
Thu May 23 13:56:28 2024	1716472588	188	172	360	172
Thu May 23 13:56:28 2024	1716472588	176	184	360	184
Thu May 23 13:56:28 2024	1716472588	184	176	360	176
Thu May 23 13:56:28 2024	1716472588	185	175	360	175
Thu May 23 13:56:28 2024	1716472588	176	184	360	184
Thu May 23 13:56:28 2024	1716472588	182	178	360	178
Thu May 23 13:56:28 2024	1716472588	184	176	360	176
Thu May 23 13:56:28 2024	1716472588	184	176	360	176
Thu May 23 13:56:28 2024	1716472588	185	175	360	175
Thu May 23 13:56:28 2024	1716472588	185	175	360	175
Thu May 23 13:56:28 2024	1716472588	185	175	360	175
Thu May 23 13:56:28 2024	1716472588	183	177	360	177
Thu May 23 13:56:28 2024	1716472588	184	176	360	176
Thu May 23 13:56:28 2024	1716472588	177	183	360	183
Thu May 23 13:56:28 2024	1716472588	184	176	360	176
Thu May 23 13:56:28 2024	1716472588	183	177	360	177
Thu May 23 13:56:28 2024	1716472588	184	176	360	176
Thu May 23 13:56:28 2024	1716472588	184	176	360	176
Thu May 23 13:56:28 2024	1716472588	187	173	360	173
Thu May 23 13:56:28 2024	1716472588	184	176	360	176
Thu May 23 13:56:28 2024	1716472588	187	173	360	173
Thu May 23 13:56:28 2024	1716472588	187	173	360	173
Thu May 23 13:56:28 2024	1716472588	187	173	360	173
Thu May 23 13:56:28 2024	1716472588	177	183	360	183
Thu May 23 13:56:28 2024	1716472588	187	173	360	173
Thu May 23 13:56:28 2024	1716472588	187	173	360	173
Thu May 23 13:56:28 2024	1716472588	178	182	360	182
Thu May 23 13:56:28 2024	1716472588	187	173	360	173
Thu May 23 13:56:28 2024	1716472588	187	173	360	173
Thu May 23 13:56:28 2024	1716472588	187	173	360	173
Thu May 23 13:56:28 2024	1716472588	187	173	360	173
Thu May 23 13:56:28 2024	1716472588	187	173	360	173
Thu May 23 13:56:28 2024	1716472588	187	173	360	173
Thu May 23 13:56:28 2024	1716472588	179	181	360	181
Thu May 23 13:56:28 2024	1716472588	176	184	360	184
Thu May 23 13:56:28 2024	1716472588	185	175	360	175
Thu May 23 13:56:28 2024	1716472588	187	173	360	173
Thu May 23 13:56:28 2024	1716472588	183	177	360	177
Thu May 23 13:56:28 2024	1716472588	183	177	360	177
Thu May 23 13:56:28 2024	1716472588	183	177	360	177
Thu May 23 13:56:28 2024	1716472588	184	176	360	176
Thu May 23 13:56:28 2024	1716472588	184	177	360	177
Thu May 23 13:56:28 2024	1716472588	181	180	360	180
Thu May 23 13:56:28 2024	1716472588	187	173	360	173
Thu May 23 13:56:28 2024	1716472588	180	180	360	180
Thu May 23 13:56:28 2024	1716472588	182	178	360	178
Thu May 23 13:56:28 2024	1716472588	183	177	360	177
Thu May 23 13:56:28 2024	1716472588	183	177	360	177
Thu May 23 13:56:28 2024	1716472588	183	177	360	177
Thu May 23 13:56:28 2024	1716472588	184	177	360	177
Thu May 23 13:56:28 2024	1716472588	183	177	360	177
Thu May 23 13:56:28 2024	1716472588	184	176	360	176
Thu May 23 13:56:28 2024	1716472588	184	176	360	176
Thu May 23 13:56:28 2024	1716472588	178	183	360	183
Thu May 23 13:56:28 2024	1716472588	184	176	360	176
Thu May 23 13:56:28 2024	1716472588	184	177	360	177
Thu May 23 13:56:28 2024	1716472588	187	174	360	174
Thu May 23 13:56:28 2024	1716472588	183	177	360	177
Thu May 23 13:56:28 2024	1716472588	177	183	360	183
Thu May 23 13:56:28 2024	1716472588	183	177	360	177
Thu May 23 13:56:28 2024	1716472588	178	183	360	183
Thu May 23 13:56:28 2024	1716472588	178	182	360	182
Thu May 23 13:56:28 2024	1716472588	183	177	360	177
Thu May 23 13:56:28 2024	1716472588	180	181	360	181
Thu May 23 13:56:28 2024	1716472588	183	177	360	177
Thu May 23 13:56:28 2024	1716472588	177	184	360	184
Thu May 23 13:56:28 2024	1716472588	183	177	360	177
Thu May 23 13:56:28 2024	1716472588	187	173	360	173
Thu May 23 13:56:28 2024	1716472588	178	183	360	183
Thu May 23 13:56:28 2024	1716472588	178	183	360	183
Thu May 23 13:56:28 2024	1716472588	185	176	360	176
Thu May 23 13:56:28 2024	1716472588	187	173	360	173
Thu May 23 13:56:28 2024	1716472588	183	178	360	178
Thu May 23 13:56:28 2024	1716472588	178	183	360	183
Thu May 23 13:56:28 2024	1716472588	180	180	360	180
Thu May 23 13:56:28 2024	1716472588	187	173	360	173
Thu May 23 13:56:28 2024	1716472588	183	177	360	177
Thu May 23 13:56:28 2024	1716472588	183	178	360	178
Thu May 23 13:56:28 2024	1716472588	183	178	360	178
Thu May 23 13:56:28 2024	1716472588	187	173	360	173
Thu May 23 13:56:28 2024	1716472588	178	182	360	182
Thu May 23 13:56:28 2024	1716472588	187	174	360	174
Thu May 23 13:56:28 2024	1716472588	183	178	360	178
Thu May 23 13:56:28 2024	1716472588	183	178	360	178
Thu May 23 13:56:28 2024	1716472588	183	178	360	178
Thu May 23 13:56:28 2024	1716472588	178	182	360	182
Thu May 23 13:56:28 2024	1716472588	183	178	360	178
Thu May 23 13:56:28 2024	1716472588	183	178	360	178
Thu May 23 13:56:28 2024	1716472588	178	182	360	182
Thu May 23 13:56:28 2024	1716472588	183	178	360	178
Thu May 23 13:56:28 2024	1716472588	184	177	361	177
Thu May 23 13:56:28 2024	1716472588	183	178	361	178
Thu May 23 13:56:28 2024	1716472588	179	182	361	182
Thu May 23 13:56:28 2024	1716472588	179	182	361	182
Thu May 23 13:56:28 2024	1716472588	179	182	361	182
Thu May 23 13:56:28 2024	1716472588	178	183	361	183
Thu May 23 13:56:28 2024	1716472588	179	182	361	182
Thu May 23 13:56:28 2024	1716472588	180	181	361	181
Thu May 23 13:56:28 2024	1716472588	187	174	361	174
Thu May 23 13:56:28 2024	1716472588	179	182	361	182
Thu May 23 13:56:28 2024	1716472588	183	178	361	178
Thu May 23 13:56:28 2024	1716472588	178	182	361	182
Thu May 23 13:56:28 2024	1716472588	182	178	361	178
Thu May 23 13:56:28 2024	1716472588	179	182	361	182
Thu May 23 13:56:28 2024	1716472588	187	173	361	173
Thu May 23 13:56:28 2024	1716472588	179	182	361	182
Thu May 23 13:56:28 2024	1716472588	179	182	361	182
Thu May 23 13:56:28 2024	1716472588	183	178	361	178
Thu May 23 13:56:28 2024	1716472588	183	177	361	177
Thu May 23 13:56:28 2024	1716472588	187	173	361	173
Thu May 23 13:56:28 2024	1716472588	187	174	361	174
Thu May 23 13:56:28 2024	1716472588	179	182	361	182
Thu May 23 13:56:28 2024	1716472588	178	183	361	183
Thu May 23 13:56:28 2024	1716472588	179	182	361	182
Thu May 23 13:56:28 2024	1716472588	179	182	361	182
Thu May 23 13:56:28 2024	1716472588	187	173	361	173
Thu May 23 13:56:28 2024	1716472588	187	173	361	173
Thu May 23 13:56:28 2024	1716472588	187	173	361	173
Thu May 23 13:56:28 2024	1716472588	179	182	361	182
Thu May 23 13:56:28 2024	1716472588	187	174	361	174
Thu May 23 13:56:28 2024	1716472588	186	174	361	174
Thu May 23 13:56:28 2024	1716472588	179	182	361	182
Thu May 23 13:56:28 2024	1716472588	184	176	361	176
Thu May 23 13:56:28 2024	1716472588	187	174	361	174
Thu May 23 13:56:28 2024	1716472588	185	176	361	176
Thu May 23 13:56:28 2024	1716472588	184	176	361	176
Thu May 23 13:56:28 2024	1716472588	179	182	361	182
Thu May 23 13:56:28 2024	1716472588	183	178	361	178
Thu May 23 13:56:28 2024	1716472588	178	183	361	183
Thu May 23 13:56:28 2024	1716472588	183	178	361	178
Thu May 23 13:56:28 2024	1716472588	180	181	361	181
Thu May 23 13:56:28 2024	1716472588	182	178	361	178
Thu May 23 13:56:28 2024	1716472588	179	182	361	182
Thu May 23 13:56:28 2024	1716472588	180	181	361	181
Thu May 23 13:56:28 2024	1716472588	180	181	361	181
Thu May 23 13:56:28 2024	1716472588	183	178	361	178
Thu May 23 13:56:28 2024	1716472588	178	183	361	183
Thu May 23 13:56:28 2024	1716472588	178	182	361	182
Thu May 23 13:56:28 2024	1716472588	177	183	361	183
Thu May 23 13:56:28 2024	1716472588	180	181	361	181
Thu May 23 13:56:28 2024	1716472588	178	183	361	183
Thu May 23 13:56:28 2024	1716472588	187	174	361	174
Thu May 23 13:56:28 2024	1716472588	177	183	361	183
Thu May 23 13:56:28 2024	1716472588	177	183	361	183
Thu May 23 13:56:28 2024	1716472588	177	183	361	183
Thu May 23 13:56:28 2024	1716472588	180	181	361	181
Thu May 23 13:56:28 2024	1716472588	185	176	361	176
Thu May 23 13:56:28 2024	1716472588	178	183	361	183
Thu May 23 13:56:28 2024	1716472588	185	176	361	176
Thu May 23 13:56:28 2024	1716472588	185	176	361	176
Thu May 23 13:56:28 2024	1716472588	182	179	361	179
Thu May 23 13:56:28 2024	1716472588	178	183	361	183
Thu May 23 13:56:28 2024	1716472588	185	176	361	176
Thu May 23 13:56:28 2024	1716472588	178	183	361	183
Thu May 23 13:56:28 2024	1716472588	185	176	361	176
Thu May 23 13:56:28 2024	1716472588	185	176	361	176
Thu May 23 13:56:28 2024	1716472588	187	174	361	174
Thu May 23 13:56:28 2024	1716472588	181	180	361	180
Thu May 23 13:56:28 2024	1716472588	181	180	361	180
Thu May 23 13:56:28 2024	1716472588	178	183	361	183
Thu May 23 13:56:28 2024	1716472588	179	182	361	182
Thu May 23 13:56:28 2024	1716472588	180	181	361	181
Thu May 23 13:56:28 2024	1716472588	180	181	361	181
Thu May 23 13:56:28 2024	1716472588	181	180	361	180
Thu May 23 13:56:28 2024	1716472588	178	183	361	183
Thu May 23 13:56:28 2024	1716472588	181	180	361	180
Thu May 23 13:56:28 2024	1716472588	179	182	361	182
Thu May 23 13:56:28 2024	1716472588	182	179	361	179
Thu May 23 13:56:28 2024	1716472588	174	187	361	187
Thu May 23 13:56:28 2024	1716472588	185	176	361	176
Thu May 23 13:56:28 2024	1716472588	185	176	361	176
Thu May 23 13:56:28 2024	1716472588	182	179	361	179
Thu May 23 13:56:28 2024	1716472588	178	183	361	183
Thu May 23 13:56:28 2024	1716472588	185	176	361	176
Thu May 23 13:56:28 2024	1716472588	178	183	361	183
Thu May 23 13:56:28 2024	1716472588	182	179	361	179
Thu May 23 13:56:28 2024	1716472588	178	183	361	183
Thu May 23 13:56:28 2024	1716472588	182	179	361	179
Thu May 23 13:56:28 2024	1716472588	182	179	361	179
Thu May 23 13:56:28 2024	1716472588	180	181	361	181
Thu May 23 13:56:28 2024	1716472588	178	183	361	183
Thu May 23 13:56:28 2024	1716472588	185	176	361	176
Thu May 23 13:56:28 2024	1716472588	180	181	361	181
Thu May 23 13:56:28 2024	1716472588	182	179	361	179
Thu May 23 13:56:28 2024	1716472588	182	179	361	179
Thu May 23 13:56:28 2024	1716472588	181	180	361	180
Thu May 23 13:56:28 2024	1716472588	185	176	361	176
Thu May 23 13:56:28 2024	1716472588	182	179	361	179
Thu May 23 13:56:28 2024	1716472588	182	179	361	179
Thu May 23 13:56:28 2024	1716472588	180	181	361	181
Thu May 23 13:56:28 2024	1716472588	179	182	361	182
Thu May 23 13:56:28 2024	1716472588	177	184	361	184
Thu May 23 13:56:28 2024	1716472588	179	182	361	181
Thu May 23 13:56:28 2024	1716472588	182	179	361	179
Thu May 23 13:56:28 2024	1716472588	178	183	361	183
Thu May 23 13:56:28 2024	1716472588	187	174	361	174
Thu May 23 13:56:28 2024	1716472588	181	180	361	180
Thu May 23 13:56:28 2024	1716472588	181	180	361	180
Thu May 23 13:56:28 2024	1716472588	181	180	361	180
Thu May 23 13:56:28 2024	1716472588	181	180	361	180
Thu May 23 13:56:28 2024	1716472588	182	179	361	179
Thu May 23 13:56:28 2024	1716472588	179	182	361	182
Thu May 23 13:56:28 2024	1716472588	179	182	361	182
Thu May 23 13:56:28 2024	1716472588	182	179	361	179
Thu May 23 13:56:28 2024	1716472588	179	182	361	182
Thu May 23 13:56:28 2024	1716472588	182	179	361	179
Thu May 23 13:56:28 2024	1716472588	178	183	361	183
Thu May 23 13:56:28 2024	1716472588	187	174	361	174
Thu May 23 13:56:28 2024	1716472588	187	174	361	174
Thu May 23 13:56:28 2024	1716472588	179	183	361	183
Thu May 23 13:56:28 2024	1716472588	187	174	361	174
Thu May 23 13:56:28 2024	1716472588	179	182	361	182
Thu May 23 13:56:28 2024	1716472588	180	181	361	181
Thu May 23 13:56:28 2024	1716472588	187	174	361	174
Thu May 23 13:56:28 2024	1716472588	186	175	361	175
Thu May 23 13:56:28 2024	1716472588	174	187	361	187
Thu May 23 13:56:28 2024	1716472588	178	183	361	183
Thu May 23 13:56:28 2024	1716472588	182	179	361	179
Thu May 23 13:56:28 2024	1716472588	182	180	361	180
Thu May 23 13:56:28 2024	1716472588	182	179	361	179
Thu May 23 13:56:28 2024	1716472588	182	179	361	179
Thu May 23 13:56:28 2024	1716472588	186	175	361	175
Thu May 23 13:56:28 2024	1716472588	182	179	361	179
Thu May 23 13:56:28 2024	1716472588	185	176	361	176
Thu May 23 13:56:28 2024	1716472588	182	179	361	179
Thu May 23 13:56:28 2024	1716472588	181	180	361	180
Thu May 23 13:56:28 2024	1716472588	185	176	361	176
Thu May 23 13:56:28 2024	1716472588	181	180	361	180
Thu May 23 13:56:28 2024	1716472588	179	182	361	182
Thu May 23 13:56:28 2024	1716472588	178	183	361	183
Thu May 23 13:56:28 2024	1716472588	186	175	361	175
Thu May 23 13:56:28 2024	1716472588	185	176	361	176
Thu May 23 13:56:28 2024	1716472588	179	182	361	182
Thu May 23 13:56:28 2024	1716472588	177	184	361	184
Thu May 23 13:56:28 2024	1716472588	185	176	361	176
Thu May 23 13:56:28 2024	1716472588	179	182	361	182
Thu May 23 13:56:28 2024	1716472588	186	175	361	175
Thu May 23 13:56:28 2024	1716472588	180	182	361	182
Thu May 23 13:56:28 2024	1716472588	178	184	361	184
Thu May 23 13:56:28 2024	1716472588	181	180	361	180
Thu May 23 13:56:28 2024	1716472588	180	181	361	181
Thu May 23 13:56:28 2024	1716472588	185	176	361	176
Thu May 23 13:56:28 2024	1716472588	182	179	361	179
Thu May 23 13:56:28 2024	1716472588	181	180	361	180
Thu May 23 13:56:28 2024	1716472588	180	181	361	181
Thu May 23 13:56:28 2024	1716472588	187	174	361	174
Thu May 23 13:56:28 2024	1716472588	178	183	361	183
Thu May 23 13:56:28 2024	1716472588	180	181	361	181
Thu May 23 13:56:28 2024	1716472588	180	181	361	181
Thu May 23 13:56:28 2024	1716472588	180	181	361	181
Thu May 23 13:56:28 2024	1716472588	180	181	361	181
Thu May 23 13:56:28 2024	1716472588	180	181	361	181
Thu May 23 13:56:28 2024	1716472588	180	181	361	181
Thu May 23 13:56:28 2024	1716472588	181	180	361	180
Thu May 23 13:56:28 2024	1716472588	181	180	361	180
Thu May 23 13:56:28 2024	1716472588	181	180	361	180
Thu May 23 13:56:28 2024	1716472588	180	181	361	181
Thu May 23 13:56:28 2024	1716472588	179	183	361	183
Thu May 23 13:56:28 2024	1716472588	180	181	361	181
Thu May 23 13:56:28 2024	1716472588	180	181	361	181
Thu May 23 13:56:28 2024	1716472588	180	181	361	181
Thu May 23 13:56:28 2024	1716472588	186	175	361	175
Thu May 23 13:56:28 2024	1716472588	180	181	361	181
Thu May 23 13:56:28 2024	1716472588	174	187	361	187
Thu May 23 13:56:28 2024	1716472588	182	180	361	180
Thu May 23 13:56:28 2024	1716472588	180	181	361	181
Thu May 23 13:56:28 2024	1716472588	182	179	361	179
Thu May 23 13:56:28 2024	1716472588	186	175	361	175
Thu May 23 13:56:28 2024	1716472588	174	187	361	187
Thu May 23 13:56:28 2024	1716472588	174	187	361	187
Thu May 23 13:56:28 2024	1716472588	186	175	361	175
Thu May 23 13:56:28 2024	1716472588	179	183	361	183
Thu May 23 13:56:28 2024	1716472588	174	187	361	187
Thu May 23 13:56:28 2024	1716472588	178	183	361	183
Thu May 23 13:56:28 2024	1716472588	179	183	361	182
Thu May 23 13:56:28 2024	1716472588	182	179	361	179
Thu May 23 13:56:28 2024	1716472588	178	184	361	184
Thu May 23 13:56:28 2024	1716472588	178	183	361	183
Thu May 23 13:56:28 2024	1716472588	180	181	361	181
Thu May 23 13:56:28 2024	1716472588	179	182	361	182
Thu May 23 13:56:28 2024	1716472588	175	186	361	186
Thu May 23 13:56:28 2024	1716472588	174	187	361	187
Thu May 23 13:56:28 2024	1716472588	175	187	361	187
Thu May 23 13:56:28 2024	1716472588	180	181	361	181
Thu May 23 13:56:28 2024	1716472588	179	183	361	183
Thu May 23 13:56:28 2024	1716472588	181	180	361	180
Thu May 23 13:56:28 2024	1716472588	175	187	361	187
Thu May 23 13:56:28 2024	1716472588	181	181	361	181
Thu May 23 13:56:28 2024	1716472588	181	180	361	180
Thu May 23 13:56:28 2024	1716472588	177	184	361	184
Thu May 23 13:56:28 2024	1716472588	174	187	361	187
Thu May 23 13:56:28 2024	1716472588	180	182	361	182
Thu May 23 13:56:28 2024	1716472588	175	187	361	187
Thu May 23 13:56:28 2024	1716472588	175	187	361	187
Thu May 23 13:56:28 2024	1716472588	177	184	361	184
Thu May 23 13:56:28 2024	1716472588	175	187	361	187
Thu May 23 13:56:28 2024	1716472588	174	187	361	187
Thu May 23 13:56:28 2024	1716472588	174	187	361	187
Thu May 23 13:56:28 2024	1716472588	175	187	361	187
Thu May 23 13:56:28 2024	1716472588	178	183	361	183
Thu May 23 13:56:28 2024	1716472588	174	187	361	187
Thu May 23 13:56:28 2024	1716472588	175	187	361	187
Thu May 23 13:56:28 2024	1716472588	179	183	361	183
Thu May 23 13:56:28 2024	1716472588	175	187	361	187
Thu May 23 13:56:28 2024	1716472588	183	179	361	179
Thu May 23 13:56:28 2024	1716472588	183	179	361	179
Thu May 23 13:56:28 2024	1716472588	174	187	361	187
Thu May 23 13:56:28 2024	1716472588	174	187	361	187
Thu May 23 13:56:28 2024	1716472588	179	183	361	183
Thu May 23 13:56:28 2024	1716472588	177	184	361	184
Thu May 23 13:56:28 2024	1716472588	175	187	361	187
Thu May 23 13:56:28 2024	1716472588	178	183	361	183
Thu May 23 13:56:28 2024	1716472588	175	187	361	187
Thu May 23 13:56:28 2024	1716472588	181	181	361	181
Thu May 23 13:56:28 2024	1716472588	175	187	361	187
Thu May 23 13:56:28 2024	1716472588	182	180	361	180
Thu May 23 13:56:28 2024	1716472588	182	180	361	180
Thu May 23 13:56:28 2024	1716472588	178	184	361	184
Thu May 23 13:56:28 2024	1716472588	179	183	361	183
Thu May 23 13:56:28 2024	1716472588	177	185	361	185
Thu May 23 13:56:28 2024	1716472588	182	180	361	180
Thu May 23 13:56:28 2024	1716472588	182	179	361	179
Thu May 23 13:56:28 2024	1716472588	186	175	361	175
Thu May 23 13:56:28 2024	1716472588	178	184	361	184
Thu May 23 13:56:28 2024	1716472588	180	181	362	181
Thu May 23 13:56:28 2024	1716472588	182	179	362	179
Thu May 23 13:56:28 2024	1716472588	180	181	362	181
Thu May 23 13:56:28 2024	1716472588	181	180	362	180
Thu May 23 13:56:28 2024	1716472588	180	182	362	182
Thu May 23 13:56:28 2024	1716472588	179	183	362	183
Thu May 23 13:56:28 2024	1716472588	174	187	362	187
Thu May 23 13:56:28 2024	1716472588	178	183	362	183
Thu May 23 13:56:28 2024	1716472588	174	187	362	187
Thu May 23 13:56:28 2024	1716472588	178	183	362	183
Thu May 23 13:56:28 2024	1716472588	174	188	362	188
Thu May 23 13:56:28 2024	1716472588	180	181	362	181
Thu May 23 13:56:28 2024	1716472588	174	187	362	187
Thu May 23 13:56:28 2024	1716472588	178	184	362	184
Thu May 23 13:56:28 2024	1716472588	175	186	362	186
Thu May 23 13:56:28 2024	1716472588	174	187	362	187
Thu May 23 13:56:28 2024	1716472588	182	180	362	180
Thu May 23 13:56:28 2024	1716472588	182	180	362	180
Thu May 23 13:56:28 2024	1716472588	174	187	362	187
Thu May 23 13:56:28 2024	1716472588	180	181	362	181
Thu May 23 13:56:28 2024	1716472588	182	180	362	180
Thu May 23 13:56:28 2024	1716472588	182	180	362	180
Thu May 23 13:56:28 2024	1716472588	178	183	362	183
Thu May 23 13:56:28 2024	1716472588	179	183	362	183
Thu May 23 13:56:28 2024	1716472588	176	185	362	185
Thu May 23 13:56:28 2024	1716472588	174	187	362	187
Thu May 23 13:56:28 2024	1716472588	186	175	362	175
Thu May 23 13:56:28 2024	1716472588	174	187	362	187
Thu May 23 13:56:28 2024	1716472588	186	176	362	176
Thu May 23 13:56:28 2024	1716472588	178	184	362	184
Thu May 23 13:56:28 2024	1716472588	175	187	362	187
Thu May 23 13:56:28 2024	1716472588	174	187	362	187
Thu May 23 13:56:28 2024	1716472588	180	181	362	181
Thu May 23 13:56:28 2024	1716472588	177	185	362	185
Thu May 23 13:56:28 2024	1716472588	180	181	362	181
Thu May 23 13:56:28 2024	1716472588	175	187	362	187
Thu May 23 13:56:28 2024	1716472588	175	187	362	187
Thu May 23 13:56:28 2024	1716472588	175	187	362	187
Thu May 23 13:56:28 2024	1716472588	177	185	362	185
Thu May 23 13:56:28 2024	1716472588	176	185	362	185
Thu May 23 13:56:28 2024	1716472588	180	182	362	182
Thu May 23 13:56:28 2024	1716472588	175	187	362	187
Thu May 23 13:56:28 2024	1716472588	177	185	362	185
Thu May 23 13:56:28 2024	1716472588	175	187	362	187
Thu May 23 13:56:28 2024	1716472588	182	180	362	180
Thu May 23 13:56:28 2024	1716472588	177	185	362	185
Thu May 23 13:56:28 2024	1716472588	182	180	362	180
Thu May 23 13:56:28 2024	1716472588	178	183	362	183
Thu May 23 13:56:28 2024	1716472588	176	186	362	186
Thu May 23 13:56:28 2024	1716472588	176	186	362	186
Thu May 23 13:56:28 2024	1716472588	176	185	362	185
Thu May 23 13:56:28 2024	1716472588	179	183	362	183
Thu May 23 13:56:28 2024	1716472588	176	186	362	186
Thu May 23 13:56:28 2024	1716472588	176	186	362	186
Thu May 23 13:56:28 2024	1716472588	178	184	362	184
Thu May 23 13:56:28 2024	1716472588	176	186	362	186
Thu May 23 13:56:28 2024	1716472588	176	186	362	186
Thu May 23 13:56:28 2024	1716472588	176	186	362	186
Thu May 23 13:56:28 2024	1716472588	177	185	362	185
Thu May 23 13:56:28 2024	1716472588	176	186	362	186
Thu May 23 13:56:28 2024	1716472588	182	180	362	180
Thu May 23 13:56:28 2024	1716472588	176	186	362	186
Thu May 23 13:56:28 2024	1716472588	180	181	362	181
Thu May 23 13:56:28 2024	1716472588	178	184	362	184
Thu May 23 13:56:28 2024	1716472588	180	181	362	181
Thu May 23 13:56:28 2024	1716472588	178	184	362	184
Thu May 23 13:56:28 2024	1716472588	176	186	362	186
Thu May 23 13:56:28 2024	1716472588	181	181	362	181
Thu May 23 13:56:28 2024	1716472588	180	181	362	181
Thu May 23 13:56:28 2024	1716472588	182	180	362	180
Thu May 23 13:56:28 2024	1716472588	176	186	362	186
Thu May 23 13:56:28 2024	1716472588	176	186	362	186
Thu May 23 13:56:28 2024	1716472588	179	183	362	183
Thu May 23 13:56:28 2024	1716472588	177	185	362	185
Thu May 23 13:56:28 2024	1716472588	181	181	362	181
Thu May 23 13:56:28 2024	1716472588	180	181	362	181
Thu May 23 13:56:28 2024	1716472588	174	187	362	187
Thu May 23 13:56:28 2024	1716472588	179	183	362	183
Thu May 23 13:56:28 2024	1716472588	174	187	362	187
Thu May 23 13:56:28 2024	1716472588	174	187	362	187
Thu May 23 13:56:28 2024	1716472588	175	187	362	187
Thu May 23 13:56:28 2024	1716472588	178	184	362	184
Thu May 23 13:56:28 2024	1716472588	180	182	362	182
Thu May 23 13:56:28 2024	1716472588	180	182	362	182
Thu May 23 13:56:28 2024	1716472588	175	187	362	187
Thu May 23 13:56:28 2024	1716472588	178	184	362	184
Thu May 23 13:56:28 2024	1716472588	178	184	362	184
Thu May 23 13:56:28 2024	1716472588	174	188	362	188
Thu May 23 13:56:28 2024	1716472588	180	182	362	182
Thu May 23 13:56:28 2024	1716472588	177	185	362	185
Thu May 23 13:56:28 2024	1716472588	178	184	362	184
Thu May 23 13:56:28 2024	1716472588	177	185	362	185
Thu May 23 13:56:28 2024	1716472588	177	185	362	185
Thu May 23 13:56:28 2024	1716472588	177	185	362	185
Thu May 23 13:56:28 2024	1716472588	175	187	362	187
Thu May 23 13:56:28 2024	1716472588	174	188	362	188
Thu May 23 13:56:28 2024	1716472588	180	183	362	183
Thu May 23 13:56:28 2024	1716472588	175	187	362	187
Thu May 23 13:56:28 2024	1716472588	175	187	362	187
Thu May 23 13:56:28 2024	1716472588	176	186	362	186
Thu May 23 13:56:28 2024	1716472588	179	183	362	183
Thu May 23 13:56:28 2024	1716472588	177	185	362	185
Thu May 23 13:56:28 2024	1716472588	174	188	362	188
Thu May 23 13:56:28 2024	1716472588	174	188	362	188
Thu May 23 13:56:28 2024	1716472588	174	188	362	188
Thu May 23 13:56:28 2024	1716472588	176	186	362	186
Thu May 23 13:56:28 2024	1716472588	177	185	362	185
Thu May 23 13:56:28 2024	1716472588	180	182	362	182
Thu May 23 13:56:28 2024	1716472588	179	184	362	184
Thu May 23 13:56:28 2024	1716472588	180	182	362	182
Thu May 23 13:56:28 2024	1716472588	175	187	362	187
Thu May 23 13:56:28 2024	1716472588	176	186	362	186
Thu May 23 13:56:28 2024	1716472588	178	185	363	185
Thu May 23 13:56:28 2024	1716472588	177	186	363	186
Thu May 23 13:56:28 2024	1716472588	177	186	363	186
Thu May 23 13:56:28 2024	1716472588	177	186	363	186
Thu May 23 13:56:28 2024	1716472588	176	187	363	187
Thu May 23 13:56:28 2024	1716472588	176	187	363	187
Thu May 23 13:56:28 2024	1716472588	178	185	363	185
Thu May 23 13:56:28 2024	1716472588	177	186	363	186
Thu May 23 13:56:28 2024	1716472588	177	186	363	186
Thu May 23 13:56:28 2024	1716472588	176	186	363	186
Thu May 23 13:56:28 2024	1716472588	176	187	363	187
Thu May 23 13:56:28 2024	1716472588	183	180	363	180
Thu May 23 13:56:28 2024	1716472588	176	187	363	187
Thu May 23 13:56:28 2024	1716472588	176	187	363	187
Thu May 23 13:56:28 2024	1716472588	176	187	363	187
Thu May 23 13:56:28 2024	1716472588	176	187	363	187
Thu May 23 13:56:28 2024	1716472588	185	182	367	182
Thu May 23 13:56:28 2024	1716472588	185	182	367	182
Thu May 23 13:56:27 2024	1716472587	187	180	367	180
Thu May 23 13:56:27 2024	1716472587	187	180	368	180
Thu May 23 13:56:27 2024	1716472587	187	180	368	180
Thu May 23 13:56:27 2024	1716472587	187	180	368	180
Thu May 23 13:56:27 2024	1716472587	188	180	368	180
Thu May 23 13:56:27 2024	1716472587	200	175	375	175
Thu May 23 13:56:27 2024	1716472587	197	178	375	178
Thu May 23 13:56:27 2024	1716472587	197	178	375	178
Thu May 23 13:56:27 2024	1716472587	200	175	375	175
Thu May 23 13:56:27 2024	1716472587	197	178	375	178
Thu May 23 13:56:27 2024	1716472587	197	178	375	178
Thu May 23 13:56:27 2024	1716472587	197	178	375	178
Thu May 23 13:56:27 2024	1716472587	196	178	375	178
Thu May 23 13:56:27 2024	1716472587	197	178	375	178
Thu May 23 13:56:27 2024	1716472587	196	178	375	178
Thu May 23 13:56:27 2024	1716472587	201	174	375	174
Thu May 23 13:56:27 2024	1716472587	201	174	375	174
Thu May 23 13:56:27 2024	1716472587	201	174	375	174
Thu May 23 13:56:27 2024	1716472587	200	175	375	175
Thu May 23 13:56:27 2024	1716472587	201	174	375	174
Thu May 23 13:56:27 2024	1716472587	201	174	375	174
Thu May 23 13:56:27 2024	1716472587	201	174	375	174
Thu May 23 13:56:27 2024	1716472587	201	174	375	174
Thu May 23 13:56:27 2024	1716472587	201	174	375	174
Thu May 23 13:56:27 2024	1716472587	201	174	375	174
Thu May 23 13:56:27 2024	1716472587	201	174	375	174
Thu May 23 13:56:27 2024	1716472587	200	175	375	175
Thu May 23 13:56:27 2024	1716472587	196	179	375	179
Thu May 23 13:56:27 2024	1716472587	196	179	375	179
Thu May 23 13:56:27 2024	1716472587	196	179	375	179
Thu May 23 13:56:27 2024	1716472587	200	175	375	175
Thu May 23 13:56:27 2024	1716472587	200	175	375	175
Thu May 23 13:56:27 2024	1716472587	200	175	375	175
Thu May 23 13:56:27 2024	1716472587	200	175	375	175
Thu May 23 13:56:27 2024	1716472587	200	175	375	175
Thu May 23 13:56:27 2024	1716472587	200	175	375	175
Thu May 23 13:56:27 2024	1716472587	200	175	375	175
Thu May 23 13:56:27 2024	1716472587	200	175	375	175
Thu May 23 13:56:27 2024	1716472587	200	175	375	175
Thu May 23 13:56:27 2024	1716472587	200	175	375	175
Thu May 23 13:56:27 2024	1716472587	200	175	375	175
Thu May 23 13:56:27 2024	1716472587	200	175	375	175
Thu May 23 13:56:27 2024	1716472587	200	175	375	175
Thu May 23 13:56:27 2024	1716472587	196	179	375	179
Thu May 23 13:56:27 2024	1716472587	200	175	375	175
Thu May 23 13:56:27 2024	1716472587	184	192	375	192
Thu May 23 13:56:27 2024	1716472587	184	192	376	192
Thu May 23 13:56:27 2024	1716472587	184	192	376	192
Thu May 23 13:56:27 2024	1716472587	184	192	376	192
Thu May 23 13:56:27 2024	1716472587	200	176	376	176
Thu May 23 13:56:27 2024	1716472587	199	176	376	176
Thu May 23 13:56:27 2024	1716472587	200	176	376	176
Thu May 23 13:56:27 2024	1716472587	200	176	376	176
Thu May 23 13:56:27 2024	1716472587	199	176	376	176
Thu May 23 13:56:27 2024	1716472587	200	176	376	176
Thu May 23 13:56:27 2024	1716472587	183	192	376	192
Thu May 23 13:56:27 2024	1716472587	183	192	376	192
Thu May 23 13:56:27 2024	1716472587	199	177	376	177
Thu May 23 13:56:27 2024	1716472587	199	177	376	177
Thu May 23 13:56:27 2024	1716472587	183	192	376	192
Thu May 23 13:56:27 2024	1716472587	183	192	376	192
Thu May 23 13:56:27 2024	1716472587	201	174	376	174
Thu May 23 13:56:27 2024	1716472587	183	192	376	192
Thu May 23 13:56:27 2024	1716472587	200	176	376	176
Thu May 23 13:56:27 2024	1716472587	183	192	376	192
Thu May 23 13:56:27 2024	1716472587	183	192	376	192
Thu May 23 13:56:27 2024	1716472587	200	176	376	176
Thu May 23 13:56:27 2024	1716472587	200	176	376	176
Thu May 23 13:56:27 2024	1716472587	183	192	376	192
Thu May 23 13:56:27 2024	1716472587	199	177	376	177
Thu May 23 13:56:27 2024	1716472587	200	176	376	176
Thu May 23 13:56:27 2024	1716472587	200	176	376	176
Thu May 23 13:56:27 2024	1716472587	183	192	376	192
Thu May 23 13:56:27 2024	1716472587	201	174	376	174
Thu May 23 13:56:27 2024	1716472587	200	176	376	176
Thu May 23 13:56:27 2024	1716472587	183	192	376	192
Thu May 23 13:56:27 2024	1716472587	183	192	376	192
Thu May 23 13:56:27 2024	1716472587	200	176	376	176
Thu May 23 13:56:27 2024	1716472587	183	192	376	192
Thu May 23 13:56:27 2024	1716472587	199	176	376	176
Thu May 23 13:56:27 2024	1716472587	183	193	376	193
Thu May 23 13:56:27 2024	1716472587	183	193	376	193
Thu May 23 13:56:27 2024	1716472587	183	193	376	193
Thu May 23 13:56:27 2024	1716472587	199	176	376	176
Thu May 23 13:56:27 2024	1716472587	183	193	376	193
Thu May 23 13:56:27 2024	1716472587	183	193	376	193
Thu May 23 13:56:27 2024	1716472587	183	193	376	193
Thu May 23 13:56:27 2024	1716472587	199	177	376	177
Thu May 23 13:56:27 2024	1716472587	183	193	376	193
Thu May 23 13:56:27 2024	1716472587	199	177	376	177
Thu May 23 13:56:27 2024	1716472587	183	193	376	193
Thu May 23 13:56:27 2024	1716472587	199	177	376	177
Thu May 23 13:56:27 2024	1716472587	199	177	376	177
Thu May 23 13:56:27 2024	1716472587	199	177	376	177
Thu May 23 13:56:27 2024	1716472587	183	193	376	193
Thu May 23 13:56:27 2024	1716472587	199	177	376	177
Thu May 23 13:56:27 2024	1716472587	198	177	376	177
Thu May 23 13:56:27 2024	1716472587	183	193	376	193
Thu May 23 13:56:27 2024	1716472587	183	193	376	193
Thu May 23 13:56:27 2024	1716472587	199	177	376	177
Thu May 23 13:56:27 2024	1716472587	198	178	376	178
Thu May 23 13:56:27 2024	1716472587	199	177	376	177
Thu May 23 13:56:27 2024	1716472587	198	177	376	177
Thu May 23 13:56:27 2024	1716472587	198	178	376	178
Thu May 23 13:56:27 2024	1716472587	198	177	376	177
Thu May 23 13:56:27 2024	1716472587	199	177	376	177
Thu May 23 13:56:27 2024	1716472587	199	177	376	177
Thu May 23 13:56:27 2024	1716472587	198	178	376	178
Thu May 23 13:56:27 2024	1716472587	199	177	376	177
Thu May 23 13:56:27 2024	1716472587	198	178	376	178
Thu May 23 13:56:27 2024	1716472587	199	177	376	177
Thu May 23 13:56:27 2024	1716472587	198	178	376	178
Thu May 23 13:56:27 2024	1716472587	199	177	376	177
Thu May 23 13:56:27 2024	1716472587	198	178	376	178
Thu May 23 13:56:27 2024	1716472587	199	177	376	177
Thu May 23 13:56:27 2024	1716472587	199	177	376	177
Thu May 23 13:56:27 2024	1716472587	198	178	376	178
Thu May 23 13:56:27 2024	1716472587	199	177	376	177
Thu May 23 13:56:27 2024	1716472587	198	178	376	178
Thu May 23 13:56:27 2024	1716472587	199	177	376	177
Thu May 23 13:56:27 2024	1716472587	199	177	376	177
Thu May 23 13:56:27 2024	1716472587	197	179	376	179
Thu May 23 13:56:27 2024	1716472587	196	181	377	181
Thu May 23 13:56:27 2024	1716472587	196	181	377	181
Thu May 23 13:56:27 2024	1716472587	196	181	377	181
Thu May 23 13:56:27 2024	1716472587	196	181	377	181
Thu May 23 13:56:27 2024	1716472587	194	182	377	182
Thu May 23 13:56:27 2024	1716472587	195	182	377	182
Thu May 23 13:56:27 2024	1716472587	195	182	377	182
Thu May 23 13:56:27 2024	1716472587	194	182	377	182
Thu May 23 13:56:27 2024	1716472587	195	182	377	182
Thu May 23 13:56:27 2024	1716472587	195	182	377	182
Thu May 23 13:56:27 2024	1716472587	194	183	377	183
Thu May 23 13:56:27 2024	1716472587	194	182	377	182
Thu May 23 13:56:27 2024	1716472587	194	183	377	183
Thu May 23 13:56:27 2024	1716472587	194	183	377	183
Thu May 23 13:56:27 2024	1716472587	196	181	377	181
Thu May 23 13:56:27 2024	1716472587	194	183	377	183
Thu May 23 13:56:27 2024	1716472587	194	183	377	183
Thu May 23 13:56:27 2024	1716472587	193	183	377	183
Thu May 23 13:56:27 2024	1716472587	195	181	377	181
Thu May 23 13:56:27 2024	1716472587	196	181	377	181
Thu May 23 13:56:27 2024	1716472587	195	182	377	182
Thu May 23 13:56:27 2024	1716472587	195	182	377	182
Thu May 23 13:56:27 2024	1716472587	193	183	377	183
Thu May 23 13:56:27 2024	1716472587	198	179	377	179
Thu May 23 13:56:27 2024	1716472587	198	179	377	179
Thu May 23 13:56:27 2024	1716472587	193	183	377	183
Thu May 23 13:56:27 2024	1716472587	193	183	377	183
Thu May 23 13:56:27 2024	1716472587	193	183	377	183
Thu May 23 13:56:27 2024	1716472587	193	184	377	184
Thu May 23 13:56:27 2024	1716472587	193	184	377	184
Thu May 23 13:56:27 2024	1716472587	190	187	377	187
Thu May 23 13:56:27 2024	1716472587	193	184	377	184
Thu May 23 13:56:27 2024	1716472587	189	187	377	187
Thu May 23 13:56:27 2024	1716472587	189	188	377	188
Thu May 23 13:56:27 2024	1716472587	185	192	377	192
Thu May 23 13:56:27 2024	1716472587	185	192	377	192
Thu May 23 13:56:27 2024	1716472587	185	192	377	192
Thu May 23 13:56:27 2024	1716472587	189	188	377	188
Thu May 23 13:56:27 2024	1716472587	185	192	377	192
Thu May 23 13:56:27 2024	1716472587	185	192	377	192
Thu May 23 13:56:27 2024	1716472587	185	192	377	192
Thu May 23 13:56:27 2024	1716472587	185	192	377	192
Thu May 23 13:56:27 2024	1716472587	192	185	377	185
Thu May 23 13:56:27 2024	1716472587	185	192	377	192
Thu May 23 13:56:27 2024	1716472587	191	186	377	186
Thu May 23 13:56:27 2024	1716472587	191	186	377	186
Thu May 23 13:56:27 2024	1716472587	196	181	377	181
Thu May 23 13:56:27 2024	1716472587	185	192	377	192
Thu May 23 13:56:27 2024	1716472587	191	186	377	186
Thu May 23 13:56:27 2024	1716472587	185	192	377	192
Thu May 23 13:56:27 2024	1716472587	191	186	377	186
Thu May 23 13:56:27 2024	1716472587	185	192	377	192
Thu May 23 13:56:27 2024	1716472587	191	186	377	186
Thu May 23 13:56:27 2024	1716472587	185	192	377	192
Thu May 23 13:56:27 2024	1716472587	185	192	377	192
Thu May 23 13:56:27 2024	1716472587	191	187	377	187
Thu May 23 13:56:27 2024	1716472587	196	181	377	181
Thu May 23 13:56:27 2024	1716472587	191	187	377	187
Thu May 23 13:56:27 2024	1716472587	191	187	377	187
Thu May 23 13:56:27 2024	1716472587	191	187	377	187
Thu May 23 13:56:27 2024	1716472587	190	187	377	187
Thu May 23 13:56:27 2024	1716472587	190	187	377	187
Thu May 23 13:56:27 2024	1716472587	193	185	377	185
Thu May 23 13:56:27 2024	1716472587	190	187	377	187
Thu May 23 13:56:27 2024	1716472587	193	185	377	185
Thu May 23 13:56:27 2024	1716472587	193	185	377	185
Thu May 23 13:56:27 2024	1716472587	193	185	377	185
Thu May 23 13:56:27 2024	1716472587	192	185	377	185
Thu May 23 13:56:27 2024	1716472587	192	185	377	185
Thu May 23 13:56:27 2024	1716472587	188	189	377	189
Thu May 23 13:56:27 2024	1716472587	188	189	377	189
Thu May 23 13:56:27 2024	1716472587	188	189	377	189
Thu May 23 13:56:27 2024	1716472587	196	181	377	181
Thu May 23 13:56:27 2024	1716472587	188	190	377	189
Thu May 23 13:56:27 2024	1716472587	189	189	377	189
Thu May 23 13:56:27 2024	1716472587	188	189	377	189
Thu May 23 13:56:27 2024	1716472587	196	181	377	181
Thu May 23 13:56:27 2024	1716472587	189	189	377	189
Thu May 23 13:56:27 2024	1716472587	189	189	377	189
Thu May 23 13:56:27 2024	1716472587	188	190	378	190
Thu May 23 13:56:27 2024	1716472587	186	192	378	192
Thu May 23 13:56:27 2024	1716472587	186	192	378	192
Thu May 23 13:56:27 2024	1716472587	196	181	378	181
Thu May 23 13:56:27 2024	1716472587	186	192	378	192
Thu May 23 13:56:27 2024	1716472587	186	192	378	192
Thu May 23 13:56:27 2024	1716472587	186	192	378	192
Thu May 23 13:56:27 2024	1716472587	186	192	378	192
Thu May 23 13:56:27 2024	1716472587	186	192	378	192
Thu May 23 13:56:27 2024	1716472587	185	192	378	192
Thu May 23 13:56:27 2024	1716472587	188	190	378	190
Thu May 23 13:56:27 2024	1716472587	185	192	378	192
Thu May 23 13:56:27 2024	1716472587	185	192	378	192
Thu May 23 13:56:27 2024	1716472587	189	189	378	189
Thu May 23 13:56:27 2024	1716472587	188	190	378	190
Thu May 23 13:56:27 2024	1716472587	185	192	378	192
Thu May 23 13:56:27 2024	1716472587	185	193	378	193
Thu May 23 13:56:27 2024	1716472587	186	192	378	192
Thu May 23 13:56:27 2024	1716472587	187	190	378	190
Thu May 23 13:56:27 2024	1716472587	186	192	378	192
Thu May 23 13:56:27 2024	1716472587	185	192	378	192
Thu May 23 13:56:27 2024	1716472587	199	179	378	179
Thu May 23 13:56:27 2024	1716472587	187	190	378	190
Thu May 23 13:56:27 2024	1716472587	185	193	378	193
Thu May 23 13:56:27 2024	1716472587	189	189	378	189
Thu May 23 13:56:27 2024	1716472587	185	193	378	193
Thu May 23 13:56:27 2024	1716472587	187	190	378	190
Thu May 23 13:56:27 2024	1716472587	187	190	378	190
Thu May 23 13:56:27 2024	1716472587	187	190	378	190
Thu May 23 13:56:27 2024	1716472587	187	191	378	191
Thu May 23 13:56:27 2024	1716472587	187	191	378	191
Thu May 23 13:56:27 2024	1716472587	187	191	378	191
Thu May 23 13:56:27 2024	1716472587	187	191	378	191
Thu May 23 13:56:27 2024	1716472587	187	191	378	191
Thu May 23 13:56:27 2024	1716472587	187	191	378	191
Thu May 23 13:56:27 2024	1716472587	186	191	378	191
Thu May 23 13:56:27 2024	1716472587	186	191	378	191
Thu May 23 13:56:27 2024	1716472587	186	192	378	192
Thu May 23 13:56:27 2024	1716472587	190	188	378	188
Thu May 23 13:56:27 2024	1716472587	190	188	378	188
Thu May 23 13:56:27 2024	1716472587	190	188	378	188
Thu May 23 13:56:27 2024	1716472587	184	194	378	194
Thu May 23 13:56:27 2024	1716472587	185	193	378	193
Thu May 23 13:56:27 2024	1716472587	183	195	378	195
Thu May 23 13:56:27 2024	1716472587	189	189	378	189
Thu May 23 13:56:27 2024	1716472587	185	193	378	193
Thu May 23 13:56:27 2024	1716472587	185	193	378	193
Thu May 23 13:56:27 2024	1716472587	185	193	378	193
Thu May 23 13:56:27 2024	1716472587	185	193	378	193
Thu May 23 13:56:27 2024	1716472587	184	194	378	194
Thu May 23 13:56:27 2024	1716472587	185	193	378	193
Thu May 23 13:56:27 2024	1716472587	184	194	378	194
Thu May 23 13:56:27 2024	1716472587	185	193	378	193
Thu May 23 13:56:27 2024	1716472587	184	194	378	194
Thu May 23 13:56:27 2024	1716472587	185	193	378	193
Thu May 23 13:56:27 2024	1716472587	184	194	378	194
Thu May 23 13:56:27 2024	1716472587	184	194	378	194
Thu May 23 13:56:27 2024	1716472587	184	194	378	194
Thu May 23 13:56:27 2024	1716472587	184	194	378	194
Thu May 23 13:56:27 2024	1716472587	185	193	378	193
Thu May 23 13:56:27 2024	1716472587	185	193	378	193
Thu May 23 13:56:27 2024	1716472587	185	193	378	193
Thu May 23 13:56:27 2024	1716472587	184	194	378	194
Thu May 23 13:56:27 2024	1716472587	185	193	378	193
Thu May 23 13:56:27 2024	1716472587	184	194	378	194
Thu May 23 13:56:27 2024	1716472587	184	194	378	194
Thu May 23 13:56:27 2024	1716472587	184	194	378	194
Thu May 23 13:56:27 2024	1716472587	185	193	378	193
Thu May 23 13:56:27 2024	1716472587	184	194	378	194
Thu May 23 13:56:27 2024	1716472587	184	194	378	194
Thu May 23 13:56:27 2024	1716472587	184	194	378	194
Thu May 23 13:56:27 2024	1716472587	184	194	378	194
Thu May 23 13:56:27 2024	1716472587	183	195	378	195
Thu May 23 13:56:27 2024	1716472587	184	194	378	194
Thu May 23 13:56:27 2024	1716472587	184	194	378	194
Thu May 23 13:56:27 2024	1716472587	183	195	378	195
Thu May 23 13:56:27 2024	1716472587	183	196	378	196
Thu May 23 13:56:27 2024	1716472587	184	194	378	194
Thu May 23 13:56:27 2024	1716472587	184	194	378	194
Thu May 23 13:56:27 2024	1716472587	182	196	378	196
Thu May 23 13:56:27 2024	1716472587	182	196	378	196
Thu May 23 13:56:27 2024	1716472587	183	195	378	195
Thu May 23 13:56:27 2024	1716472587	183	195	378	195
Thu May 23 13:56:27 2024	1716472587	184	194	378	194
Thu May 23 13:56:27 2024	1716472587	182	196	378	196
Thu May 23 13:56:27 2024	1716472587	184	194	378	194
Thu May 23 13:56:27 2024	1716472587	191	187	378	187
Thu May 23 13:56:27 2024	1716472587	182	196	378	196
Thu May 23 13:56:27 2024	1716472587	191	187	378	187
Thu May 23 13:56:27 2024	1716472587	182	196	378	196
Thu May 23 13:56:27 2024	1716472587	182	196	378	196
Thu May 23 13:56:27 2024	1716472587	182	196	378	196
Thu May 23 13:56:27 2024	1716472587	182	196	378	196
Thu May 23 13:56:27 2024	1716472587	182	196	378	196
Thu May 23 13:56:27 2024	1716472587	182	196	378	196
Thu May 23 13:56:27 2024	1716472587	182	196	378	196
Thu May 23 13:56:27 2024	1716472587	182	196	378	196
Thu May 23 13:56:27 2024	1716472587	184	194	378	194
Thu May 23 13:56:27 2024	1716472587	182	196	378	196
Thu May 23 13:56:27 2024	1716472587	182	196	378	196
Thu May 23 13:56:27 2024	1716472587	182	196	378	196
Thu May 23 13:56:27 2024	1716472587	182	196	378	196
Thu May 23 13:56:27 2024	1716472587	182	196	378	196
Thu May 23 13:56:27 2024	1716472587	184	194	378	194
Thu May 23 13:56:27 2024	1716472587	184	194	378	194
Thu May 23 13:56:27 2024	1716472587	184	194	378	194
Thu May 23 13:56:27 2024	1716472587	184	194	378	194
Thu May 23 13:56:27 2024	1716472587	182	196	378	196
Thu May 23 13:56:27 2024	1716472587	181	198	378	198
Thu May 23 13:56:27 2024	1716472587	181	198	378	198
Thu May 23 13:56:27 2024	1716472587	181	198	379	198
Thu May 23 13:56:27 2024	1716472587	180	198	379	198
Thu May 23 13:56:27 2024	1716472587	180	198	379	198
Thu May 23 13:56:27 2024	1716472587	180	198	379	198
Thu May 23 13:56:27 2024	1716472587	180	198	379	198
Thu May 23 13:56:27 2024	1716472587	180	198	379	198
Thu May 23 13:56:27 2024	1716472587	180	198	379	198
Thu May 23 13:56:27 2024	1716472587	180	198	379	198
Thu May 23 13:56:27 2024	1716472587	180	198	379	198
Thu May 23 13:56:27 2024	1716472587	180	198	379	198
Thu May 23 13:56:27 2024	1716472587	180	198	379	198
Thu May 23 13:56:27 2024	1716472587	182	197	379	197
Thu May 23 13:56:27 2024	1716472587	180	199	379	199
Thu May 23 13:56:27 2024	1716472587	182	197	379	197
Thu May 23 13:56:27 2024	1716472587	182	197	379	197
Thu May 23 13:56:27 2024	1716472587	182	197	379	197
Thu May 23 13:56:27 2024	1716472587	184	194	379	194
Thu May 23 13:56:27 2024	1716472587	180	199	379	199
Thu May 23 13:56:27 2024	1716472587	182	197	379	197
Thu May 23 13:56:27 2024	1716472587	181	197	379	197
Thu May 23 13:56:27 2024	1716472587	182	197	379	197
Thu May 23 13:56:27 2024	1716472587	184	195	379	195
Thu May 23 13:56:27 2024	1716472587	184	195	379	195
Thu May 23 13:56:27 2024	1716472587	180	199	379	199
Thu May 23 13:56:27 2024	1716472587	180	199	379	199
Thu May 23 13:56:27 2024	1716472587	180	199	379	199
Thu May 23 13:56:27 2024	1716472587	179	199	379	199
Thu May 23 13:56:27 2024	1716472587	180	199	379	199
Thu May 23 13:56:27 2024	1716472587	179	199	379	199
Thu May 23 13:56:27 2024	1716472587	180	199	379	199
Thu May 23 13:56:27 2024	1716472587	180	199	379	199
Thu May 23 13:56:27 2024	1716472587	179	199	379	199
Thu May 23 13:56:27 2024	1716472587	184	195	379	195
Thu May 23 13:56:27 2024	1716472587	179	199	379	199
Thu May 23 13:56:27 2024	1716472587	179	199	379	199
Thu May 23 13:56:27 2024	1716472587	180	199	379	199
Thu May 23 13:56:27 2024	1716472587	179	200	379	200
Thu May 23 13:56:27 2024	1716472587	184	195	379	195
Thu May 23 13:56:27 2024	1716472587	180	199	379	199
Thu May 23 13:56:27 2024	1716472587	180	199	379	199
Thu May 23 13:56:27 2024	1716472587	180	199	379	199
Thu May 23 13:56:27 2024	1716472587	179	200	379	200
Thu May 23 13:56:27 2024	1716472587	180	199	379	199
Thu May 23 13:56:27 2024	1716472587	179	200	379	200
Thu May 23 13:56:27 2024	1716472587	179	200	379	200
Thu May 23 13:56:27 2024	1716472587	184	195	379	195
Thu May 23 13:56:27 2024	1716472587	180	199	379	199
Thu May 23 13:56:27 2024	1716472587	179	200	379	200
Thu May 23 13:56:27 2024	1716472587	179	200	379	200
Thu May 23 13:56:27 2024	1716472587	180	199	379	199
Thu May 23 13:56:27 2024	1716472587	179	200	379	200
Thu May 23 13:56:27 2024	1716472587	180	199	379	199
Thu May 23 13:56:27 2024	1716472587	180	199	379	199
Thu May 23 13:56:27 2024	1716472587	184	195	379	195
Thu May 23 13:56:27 2024	1716472587	179	200	379	200
Thu May 23 13:56:27 2024	1716472587	179	200	379	200
Thu May 23 13:56:27 2024	1716472587	180	199	379	199
Thu May 23 13:56:27 2024	1716472587	179	200	379	200
Thu May 23 13:56:27 2024	1716472587	179	200	379	200
Thu May 23 13:56:27 2024	1716472587	179	200	379	200
Thu May 23 13:56:27 2024	1716472587	179	200	379	200
Thu May 23 13:56:27 2024	1716472587	179	200	379	200
Thu May 23 13:56:27 2024	1716472587	179	200	379	200
Thu May 23 13:56:27 2024	1716472587	178	200	379	200
Thu May 23 13:56:27 2024	1716472587	179	200	379	200
Thu May 23 13:56:27 2024	1716472587	178	201	379	201
Thu May 23 13:56:27 2024	1716472587	179	200	379	200
Thu May 23 13:56:27 2024	1716472587	179	200	379	200
Thu May 23 13:56:27 2024	1716472587	179	200	379	200
Thu May 23 13:56:27 2024	1716472587	178	201	379	201
Thu May 23 13:56:27 2024	1716472587	178	201	379	201
Thu May 23 13:56:27 2024	1716472587	178	201	379	201
Thu May 23 13:56:27 2024	1716472587	178	201	379	201
Thu May 23 13:56:27 2024	1716472587	178	201	379	201
Thu May 23 13:56:27 2024	1716472587	178	201	379	201
Thu May 23 13:56:27 2024	1716472587	182	197	379	197
Thu May 23 13:56:27 2024	1716472587	181	198	379	198
Thu May 23 13:56:27 2024	1716472587	181	198	379	198
Thu May 23 13:56:27 2024	1716472587	181	198	379	198
Thu May 23 13:56:27 2024	1716472587	181	198	379	198
Thu May 23 13:56:27 2024	1716472587	181	198	379	198
Thu May 23 13:56:27 2024	1716472587	181	198	379	198
Thu May 23 13:56:27 2024	1716472587	181	198	379	198
Thu May 23 13:56:27 2024	1716472587	181	198	379	198
Thu May 23 13:56:27 2024	1716472587	181	198	379	198
Thu May 23 13:56:27 2024	1716472587	181	198	379	198
Thu May 23 13:56:27 2024	1716472587	181	198	379	198
Thu May 23 13:56:27 2024	1716472587	181	199	379	199
Thu May 23 13:56:27 2024	1716472587	181	199	379	199
Thu May 23 13:56:27 2024	1716472587	181	199	379	199
Thu May 23 13:56:27 2024	1716472587	181	199	379	199
Thu May 23 13:56:27 2024	1716472587	181	199	379	199
Thu May 23 13:56:27 2024	1716472587	25	418	444	418
Thu May 23 13:56:27 2024	1716472587	25	418	444	418
Thu May 23 13:56:27 2024	1716472587	25	419	444	419
Thu May 23 13:56:27 2024	1716472587	25	419	444	419
Thu May 23 13:56:27 2024	1716472587	24	420	444	420
Thu May 23 13:56:27 2024	1716472587	24	420	445	420
Thu May 23 13:56:27 2024	1716472587	24	421	445	421
Thu May 23 13:56:27 2024	1716472587	27	426	453	426
Thu May 23 13:56:27 2024	1716472587	27	426	454	426
Thu May 23 13:56:27 2024	1716472587	27	427	454	427
Thu May 23 13:56:27 2024	1716472587	27	427	454	427
Thu May 23 13:56:27 2024	1716472587	27	427	454	427
Thu May 23 13:56:27 2024	1716472587	27	427	454	427
Thu May 23 13:56:27 2024	1716472587	27	428	455	428
Thu May 23 13:56:27 2024	1716472587	27	428	455	428
Thu May 23 13:56:27 2024	1716472587	26	429	455	429
Thu May 23 13:56:27 2024	1716472587	26	429	455	429
Thu May 23 13:56:27 2024	1716472587	26	430	455	430
Thu May 23 13:56:27 2024	1716472587	26	430	456	430
Thu May 23 13:56:27 2024	1716472587	36	438	473	438
Thu May 23 13:56:27 2024	1716472587	36	438	474	438
Thu May 23 13:56:27 2024	1716472587	36	438	474	438
Thu May 23 13:56:27 2024	1716472587	35	438	474	438
Thu May 23 13:56:28 2024	1716472588	307	170	477	170
Thu May 23 13:56:28 2024	1716472588	178	299	477	0
Thu May 23 13:56:27 2024	1716472587	39	438	478	438
Thu May 23 13:56:27 2024	1716472587	39	438	478	438
Thu May 23 13:56:27 2024	1716472587	39	439	478	439
Thu May 23 13:56:27 2024	1716472587	39	439	478	439
Thu May 23 13:56:27 2024	1716472587	39	439	478	439
Thu May 23 13:56:27 2024	1716472587	39	440	479	440
Thu May 23 13:56:27 2024	1716472587	39	440	479	440
Thu May 23 13:56:27 2024	1716472587	39	441	479	441
Thu May 23 13:56:27 2024	1716472587	38	442	480	442
Thu May 23 13:56:27 2024	1716472587	38	442	480	442
Thu May 23 13:56:27 2024	1716472587	37	443	480	443
Thu May 23 13:56:27 2024	1716472587	37	443	480	443
Thu May 23 13:56:27 2024	1716472587	37	443	480	443
Thu May 23 13:56:27 2024	1716472587	37	444	481	444
Thu May 23 13:56:27 2024	1716472587	37	444	481	444
Thu May 23 13:56:27 2024	1716472587	37	444	481	444
Thu May 23 13:56:27 2024	1716472587	43	446	489	446
Thu May 23 13:56:27 2024	1716472587	43	446	489	446
Thu May 23 13:56:27 2024	1716472587	43	447	490	447
Thu May 23 13:56:27 2024	1716472587	43	447	490	447
Thu May 23 13:56:27 2024	1716472587	43	447	490	447
Thu May 23 13:56:27 2024	1716472587	43	448	490	448
Thu May 23 13:56:27 2024	1716472587	43	448	490	448
Thu May 23 13:56:27 2024	1716472587	42	448	491	448
Thu May 23 13:56:27 2024	1716472587	41	450	491	450
Thu May 23 13:56:27 2024	1716472587	41	450	491	450
Thu May 23 13:56:27 2024	1716472587	41	450	491	450
Thu May 23 13:56:27 2024	1716472587	41	450	491	450
Thu May 23 13:56:27 2024	1716472587	41	451	492	451
Thu May 23 13:56:27 2024	1716472587	41	451	492	451
Thu May 23 13:56:27 2024	1716472587	41	451	492	451
Thu May 23 13:56:27 2024	1716472587	40	452	492	452
Thu May 23 13:56:27 2024	1716472587	47	452	499	452
Thu May 23 13:56:27 2024	1716472587	47	452	499	452
Thu May 23 13:56:27 2024	1716472587	60	469	529	469
Thu May 23 13:56:27 2024	1716472587	60	469	529	469
Thu May 23 13:56:27 2024	1716472587	60	469	529	469
Thu May 23 13:56:27 2024	1716472587	60	470	529	470
Thu May 23 13:56:27 2024	1716472587	59	470	529	470
Thu May 23 13:56:27 2024	1716472587	59	470	530	470
Thu May 23 13:56:27 2024	1716472587	58	472	530	472
Thu May 23 13:56:27 2024	1716472587	58	472	530	472
Thu May 23 13:56:27 2024	1716472587	58	472	530	472
Thu May 23 13:56:27 2024	1716472587	58	473	530	473
Thu May 23 13:56:27 2024	1716472587	57	473	531	473
Thu May 23 13:56:27 2024	1716472587	57	473	531	473
Thu May 23 13:56:27 2024	1716472587	75	482	557	482
Thu May 23 13:56:27 2024	1716472587	74	483	557	483
Thu May 23 13:56:27 2024	1716472587	74	483	557	483
Thu May 23 13:56:27 2024	1716472587	74	483	558	483
Thu May 23 13:56:27 2024	1716472587	74	484	558	484
Thu May 23 13:56:27 2024	1716472587	74	484	558	484
Thu May 23 13:56:27 2024	1716472587	74	484	558	484
Thu May 23 13:56:27 2024	1716472587	73	485	558	485
Thu May 23 13:56:27 2024	1716472587	72	487	559	487
Thu May 23 13:56:27 2024	1716472587	72	487	559	487
Thu May 23 13:56:27 2024	1716472587	72	487	559	487
Thu May 23 13:56:27 2024	1716472587	72	488	559	488
Thu May 23 13:56:27 2024	1716472587	92	490	582	490
Thu May 23 13:56:27 2024	1716472587	92	490	582	490
Thu May 23 13:56:27 2024	1716472587	91	491	582	491
Thu May 23 13:56:27 2024	1716472587	91	491	582	491
Thu May 23 13:56:27 2024	1716472587	91	492	583	492
Thu May 23 13:56:27 2024	1716472587	91	492	583	492
Thu May 23 13:56:27 2024	1716472587	91	492	583	492
Thu May 23 13:56:27 2024	1716472587	91	493	583	493
Thu May 23 13:56:27 2024	1716472587	89	495	584	495
Thu May 23 13:56:27 2024	1716472587	89	495	584	495
Thu May 23 13:56:27 2024	1716472587	89	495	584	495
Thu May 23 13:56:27 2024	1716472587	88	496	584	496
Thu May 23 13:56:27 2024	1716472587	88	496	584	496
Thu May 23 13:56:27 2024	1716472587	88	496	585	496
Thu May 23 13:56:27 2024	1716472587	88	497	585	497
Thu May 23 13:56:27 2024	1716472587	88	497	585	497
Thu May 23 13:56:27 2024	1716472587	86	499	585	499
Thu May 23 13:56:27 2024	1716472587	86	499	585	499
Thu May 23 13:56:27 2024	1716472587	86	500	586	500
Thu May 23 13:56:27 2024	1716472587	86	500	586	500
Thu May 23 13:56:27 2024	1716472587	86	500	586	500
Thu May 23 13:56:27 2024	1716472587	85	501	586	501
Thu May 23 13:56:27 2024	1716472587	85	501	586	501
Thu May 23 13:56:27 2024	1716472587	85	501	587	501
Thu May 23 13:56:27 2024	1716472587	103	510	613	510
Thu May 23 13:56:27 2024	1716472587	103	511	613	511
Thu May 23 13:56:27 2024	1716472587	103	511	614	511
Thu May 23 13:56:27 2024	1716472587	112	522	634	522
Thu May 23 13:56:27 2024	1716472587	112	522	634	522
Thu May 23 13:56:27 2024	1716472587	112	523	634	523
Thu May 23 13:56:27 2024	1716472587	111	523	635	523
Thu May 23 13:56:27 2024	1716472587	111	524	635	524
Thu May 23 13:56:27 2024	1716472587	111	524	635	524
Thu May 23 13:56:27 2024	1716472587	111	524	635	524
Thu May 23 13:56:27 2024	1716472587	111	525	635	525
Thu May 23 13:56:27 2024	1716472587	109	527	636	527
Thu May 23 13:56:27 2024	1716472587	109	527	636	527
Thu May 23 13:56:27 2024	1716472587	120	540	659	540
Thu May 23 13:56:27 2024	1716472587	120	540	660	540
Thu May 23 13:56:27 2024	1716472587	118	542	660	542
Thu May 23 13:56:27 2024	1716472587	118	542	660	542
Thu May 23 13:56:27 2024	1716472587	118	543	660	543
Thu May 23 13:56:27 2024	1716472587	117	543	661	543
Thu May 23 13:56:27 2024	1716472587	117	544	661	544
Thu May 23 13:56:27 2024	1716472587	117	544	661	544
Thu May 23 13:56:27 2024	1716472587	117	544	661	544
Thu May 23 13:56:27 2024	1716472587	28	650	679	650
Thu May 23 13:56:27 2024	1716472587	28	651	679	651
Thu May 23 13:56:27 2024	1716472587	28	651	679	651
Thu May 23 13:56:27 2024	1716472587	29	651	679	651
Thu May 23 13:56:27 2024	1716472587	29	651	679	651
Thu May 23 13:56:27 2024	1716472587	29	651	680	651
Thu May 23 13:56:27 2024	1716472587	29	651	680	651
Thu May 23 13:56:27 2024	1716472587	29	651	680	651
Thu May 23 13:56:27 2024	1716472587	30	656	686	656
Thu May 23 13:56:27 2024	1716472587	30	656	686	656
Thu May 23 13:56:27 2024	1716472587	127	561	688	561
Thu May 23 13:56:27 2024	1716472587	127	561	688	561
Thu May 23 13:56:27 2024	1716472587	127	561	688	561
Thu May 23 13:56:27 2024	1716472587	127	562	688	562
Thu May 23 13:56:27 2024	1716472587	126	562	689	562
Thu May 23 13:56:27 2024	1716472587	126	562	689	562
Thu May 23 13:56:27 2024	1716472587	126	563	689	563
Thu May 23 13:56:27 2024	1716472587	126	563	689	563
Thu May 23 13:56:27 2024	1716472587	124	565	689	565
Thu May 23 13:56:27 2024	1716472587	124	566	690	566
Thu May 23 13:56:27 2024	1716472587	124	566	690	566
Thu May 23 13:56:27 2024	1716472587	124	567	690	567
Thu May 23 13:56:27 2024	1716472587	136	587	723	587
Thu May 23 13:56:27 2024	1716472587	136	588	723	588
Thu May 23 13:56:27 2024	1716472587	136	588	723	588
Thu May 23 13:56:27 2024	1716472587	134	590	724	590
Thu May 23 13:56:27 2024	1716472587	134	590	724	590
Thu May 23 13:56:27 2024	1716472587	133	591	724	591
Thu May 23 13:56:27 2024	1716472587	133	591	724	591
Thu May 23 13:56:27 2024	1716472587	133	592	725	592
Thu May 23 13:56:27 2024	1716472587	133	592	725	592
Thu May 23 13:56:27 2024	1716472587	132	592	725	592
Thu May 23 13:56:27 2024	1716472587	132	593	725	593
Thu May 23 13:56:27 2024	1716472587	130	595	725	595
Thu May 23 13:56:27 2024	1716472587	130	595	726	595
Thu May 23 13:56:27 2024	1716472587	130	596	726	596
Thu May 23 13:56:27 2024	1716472587	130	596	726	596
Thu May 23 13:56:27 2024	1716472587	130	597	726	597
Thu May 23 13:56:27 2024	1716472587	143	612	755	612
Thu May 23 13:56:27 2024	1716472587	143	612	755	612
Thu May 23 13:56:27 2024	1716472587	143	613	755	613
Thu May 23 13:56:27 2024	1716472587	136	619	756	619
Thu May 23 13:56:27 2024	1716472587	48	748	796	748
Thu May 23 13:56:27 2024	1716472587	48	748	796	748
Thu May 23 13:56:27 2024	1716472587	49	748	796	748
Thu May 23 13:56:27 2024	1716472587	49	748	796	748
Thu May 23 13:56:27 2024	1716472587	49	748	796	748
Thu May 23 13:56:27 2024	1716472587	49	748	797	748
Thu May 23 13:56:27 2024	1716472587	49	748	797	748
Thu May 23 13:56:27 2024	1716472587	49	748	797	748
Thu May 23 13:56:27 2024	1716472587	50	747	797	747
Thu May 23 13:56:27 2024	1716472587	50	747	797	747
Thu May 23 13:56:27 2024	1716472587	51	747	797	747
Thu May 23 13:56:27 2024	1716472587	51	747	798	747
Thu May 23 13:56:27 2024	1716472587	51	747	798	747
Thu May 23 13:56:27 2024	1716472587	51	747	798	747
Thu May 23 13:56:27 2024	1716472587	51	747	798	747
Thu May 23 13:56:27 2024	1716472587	51	747	798	747
Thu May 23 13:56:27 2024	1716472587	60	769	829	769
Thu May 23 13:56:27 2024	1716472587	60	769	830	769
Thu May 23 13:56:27 2024	1716472587	61	768	830	768
Thu May 23 13:56:27 2024	1716472587	62	768	830	768
Thu May 23 13:56:27 2024	1716472587	62	768	830	768
Thu May 23 13:56:27 2024	1716472587	62	768	830	768
Thu May 23 13:56:27 2024	1716472587	62	768	830	768
Thu May 23 13:56:27 2024	1716472587	62	768	831	768
Thu May 23 13:56:27 2024	1716472587	62	768	831	768
Thu May 23 13:56:27 2024	1716472587	62	769	831	768
Thu May 23 13:56:27 2024	1716472587	659	181	840	181
Thu May 23 13:56:27 2024	1716472587	76	783	859	783
Thu May 23 13:56:27 2024	1716472587	76	783	860	783
Thu May 23 13:56:27 2024	1716472587	76	783	860	783
Thu May 23 13:56:27 2024	1716472587	77	784	860	784
Thu May 23 13:56:27 2024	1716472587	77	784	860	784
Thu May 23 13:56:27 2024	1716472587	77	784	861	784
Thu May 23 13:56:27 2024	1716472587	77	784	861	784
Thu May 23 13:56:27 2024	1716472587	77	784	861	784
Thu May 23 13:56:27 2024	1716472587	79	782	861	782
Thu May 23 13:56:27 2024	1716472587	79	782	861	782
Thu May 23 13:56:27 2024	1716472587	79	783	862	782
Thu May 23 13:56:27 2024	1716472587	79	783	862	783
Thu May 23 13:56:28 2024	1716472588	179	700	878	700
Thu May 23 13:56:28 2024	1716472588	178	700	879	700
Thu May 23 13:56:28 2024	1716472588	178	701	879	701
Thu May 23 13:56:28 2024	1716472588	174	721	896	721
Thu May 23 13:56:28 2024	1716472588	174	722	896	722
Thu May 23 13:56:28 2024	1716472588	174	722	897	722
Thu May 23 13:56:28 2024	1716472588	174	723	897	723
Thu May 23 13:56:28 2024	1716472588	174	723	898	723
Thu May 23 13:56:28 2024	1716472588	174	724	898	724
Thu May 23 13:56:28 2024	1716472588	176	724	901	724
Thu May 23 13:56:28 2024	1716472588	176	725	901	725
Thu May 23 13:56:28 2024	1716472588	176	725	902	725
Thu May 23 13:56:28 2024	1716472588	176	728	904	728
Thu May 23 13:56:28 2024	1716472588	176	728	905	728
Thu May 23 13:56:28 2024	1716472588	176	729	905	729
Thu May 23 13:56:28 2024	1716472588	175	732	907	732
Thu May 23 13:56:28 2024	1716472588	179	729	907	729
Thu May 23 13:56:28 2024	1716472588	175	732	907	732
Thu May 23 13:56:28 2024	1716472588	178	729	908	729
Thu May 23 13:56:28 2024	1716472588	175	733	908	733
Thu May 23 13:56:28 2024	1716472588	178	730	908	730
Thu May 23 13:56:28 2024	1716472588	175	733	908	733
Thu May 23 13:56:28 2024	1716472588	182	730	912	730
Thu May 23 13:56:28 2024	1716472588	175	738	913	738
Thu May 23 13:56:28 2024	1716472588	177	738	915	738
Thu May 23 13:56:28 2024	1716472588	177	739	916	739
Thu May 23 13:56:27 2024	1716472587	31	887	917	887
Thu May 23 13:56:28 2024	1716472588	177	742	918	742
Thu May 23 13:56:28 2024	1716472588	179	740	918	740
Thu May 23 13:56:28 2024	1716472588	181	738	919	738
Thu May 23 13:56:27 2024	1716472587	32	887	919	887
Thu May 23 13:56:28 2024	1716472588	177	742	919	742
Thu May 23 13:56:27 2024	1716472587	32	887	919	887
Thu May 23 13:56:28 2024	1716472588	179	740	919	740
Thu May 23 13:56:28 2024	1716472588	181	738	919	738
Thu May 23 13:56:28 2024	1716472588	177	743	919	743
Thu May 23 13:56:27 2024	1716472587	32	888	919	888
Thu May 23 13:56:28 2024	1716472588	181	739	919	739
Thu May 23 13:56:28 2024	1716472588	179	741	920	741
Thu May 23 13:56:27 2024	1716472587	32	888	920	888
Thu May 23 13:56:27 2024	1716472587	32	888	920	888
Thu May 23 13:56:27 2024	1716472587	34	887	920	887
Thu May 23 13:56:27 2024	1716472587	34	887	920	887
Thu May 23 13:56:27 2024	1716472587	34	887	921	887
Thu May 23 13:56:27 2024	1716472587	34	887	921	887
Thu May 23 13:56:27 2024	1716472587	34	887	921	887
Thu May 23 13:56:28 2024	1716472588	180	742	921	742
Thu May 23 13:56:27 2024	1716472587	34	887	921	887
Thu May 23 13:56:28 2024	1716472588	174	747	922	747
Thu May 23 13:56:28 2024	1716472588	179	743	922	743
Thu May 23 13:56:28 2024	1716472588	177	745	922	745
Thu May 23 13:56:28 2024	1716472588	178	744	922	744
Thu May 23 13:56:28 2024	1716472588	177	746	923	746
Thu May 23 13:56:28 2024	1716472588	178	744	923	744
Thu May 23 13:56:28 2024	1716472588	177	746	923	746
Thu May 23 13:56:28 2024	1716472588	178	745	923	745
Thu May 23 13:56:28 2024	1716472588	181	745	925	745
Thu May 23 13:56:28 2024	1716472588	177	749	925	749
Thu May 23 13:56:28 2024	1716472588	178	747	925	747
Thu May 23 13:56:28 2024	1716472588	181	745	926	745
Thu May 23 13:56:28 2024	1716472588	177	749	926	749
Thu May 23 13:56:28 2024	1716472588	178	747	926	747
Thu May 23 13:56:28 2024	1716472588	174	752	926	752
Thu May 23 13:56:28 2024	1716472588	181	746	926	746
Thu May 23 13:56:28 2024	1716472588	177	750	926	750
Thu May 23 13:56:28 2024	1716472588	178	748	926	748
Thu May 23 13:56:27 2024	1716472587	93	834	927	834
Thu May 23 13:56:27 2024	1716472587	93	834	928	834
Thu May 23 13:56:28 2024	1716472588	176	752	929	752
Thu May 23 13:56:28 2024	1716472588	178	751	929	751
Thu May 23 13:56:28 2024	1716472588	178	751	929	751
Thu May 23 13:56:28 2024	1716472588	178	752	930	752
Thu May 23 13:56:28 2024	1716472588	180	750	930	750
Thu May 23 13:56:27 2024	1716472587	45	886	930	886
Thu May 23 13:56:28 2024	1716472588	178	752	931	752
Thu May 23 13:56:27 2024	1716472587	45	886	931	886
Thu May 23 13:56:28 2024	1716472588	180	750	931	750
Thu May 23 13:56:27 2024	1716472587	45	886	931	886
Thu May 23 13:56:28 2024	1716472588	180	751	931	751
Thu May 23 13:56:27 2024	1716472587	45	886	931	886
Thu May 23 13:56:27 2024	1716472587	45	886	932	886
Thu May 23 13:56:27 2024	1716472587	45	886	932	886
Thu May 23 13:56:28 2024	1716472588	180	752	932	752
Thu May 23 13:56:28 2024	1716472588	178	754	932	754
Thu May 23 13:56:28 2024	1716472588	180	753	933	753
Thu May 23 13:56:28 2024	1716472588	178	757	935	757
Thu May 23 13:56:28 2024	1716472588	178	758	936	758
Thu May 23 13:56:28 2024	1716472588	180	756	936	756
Thu May 23 13:56:28 2024	1716472588	180	756	937	756
Thu May 23 13:56:28 2024	1716472588	180	757	937	757
Thu May 23 13:56:28 2024	1716472588	180	757	938	757
Thu May 23 13:56:27 2024	1716472587	53	885	938	885
Thu May 23 13:56:27 2024	1716472587	53	885	938	885
Thu May 23 13:56:27 2024	1716472587	53	885	938	885
Thu May 23 13:56:27 2024	1716472587	54	885	939	885
Thu May 23 13:56:28 2024	1716472588	178	761	939	761
Thu May 23 13:56:28 2024	1716472588	180	759	940	759
Thu May 23 13:56:28 2024	1716472588	180	760	940	760
Thu May 23 13:56:28 2024	1716472588	180	761	941	761
Thu May 23 13:56:27 2024	1716472587	57	884	941	884
Thu May 23 13:56:27 2024	1716472587	57	884	941	884
Thu May 23 13:56:28 2024	1716472588	185	756	941	756
Thu May 23 13:56:27 2024	1716472587	64	884	948	884
Thu May 23 13:56:27 2024	1716472587	65	884	949	884
Thu May 23 13:56:27 2024	1716472587	65	884	949	884
Thu May 23 13:56:27 2024	1716472587	191	759	950	759
Thu May 23 13:56:27 2024	1716472587	66	884	950	884
Thu May 23 13:56:27 2024	1716472587	191	759	950	759
Thu May 23 13:56:27 2024	1716472587	191	760	951	760
Thu May 23 13:56:27 2024	1716472587	68	884	952	883
Thu May 23 13:56:27 2024	1716472587	69	884	952	884
Thu May 23 13:56:27 2024	1716472587	69	884	952	884
Thu May 23 13:56:27 2024	1716472587	69	884	953	884
Thu May 23 13:56:27 2024	1716472587	69	884	953	884
Thu May 23 13:56:27 2024	1716472587	71	883	954	883
Thu May 23 13:56:27 2024	1716472587	71	883	954	883
Thu May 23 13:56:27 2024	1716472587	71	883	955	883
Thu May 23 13:56:27 2024	1716472587	71	884	955	884
Thu May 23 13:56:27 2024	1716472587	105	851	956	851
Thu May 23 13:56:27 2024	1716472587	105	851	956	851
Thu May 23 13:56:28 2024	1716472588	183	773	956	773
Thu May 23 13:56:27 2024	1716472587	105	851	956	851
Thu May 23 13:56:27 2024	1716472587	105	851	956	851
Thu May 23 13:56:27 2024	1716472587	105	851	956	851
Thu May 23 13:56:28 2024	1716472588	183	774	956	774
Thu May 23 13:56:27 2024	1716472587	79	883	963	883
Thu May 23 13:56:27 2024	1716472587	80	883	963	883
Thu May 23 13:56:27 2024	1716472587	80	883	963	883
Thu May 23 13:56:27 2024	1716472587	80	884	964	884
Thu May 23 13:56:27 2024	1716472587	82	882	964	882
Thu May 23 13:56:27 2024	1716472587	82	882	964	882
Thu May 23 13:56:27 2024	1716472587	82	883	965	883
Thu May 23 13:56:27 2024	1716472587	82	883	965	883
Thu May 23 13:56:27 2024	1716472587	82	883	965	883
Thu May 23 13:56:27 2024	1716472587	83	883	966	883
Thu May 23 13:56:27 2024	1716472587	94	881	975	881
Thu May 23 13:56:27 2024	1716472587	94	881	975	881
Thu May 23 13:56:27 2024	1716472587	94	882	976	882
Thu May 23 13:56:27 2024	1716472587	94	882	976	882
Thu May 23 13:56:27 2024	1716472587	94	883	977	883
Thu May 23 13:56:27 2024	1716472587	96	882	978	882
Thu May 23 13:56:27 2024	1716472587	96	882	978	882
Thu May 23 13:56:27 2024	1716472587	96	882	979	882
Thu May 23 13:56:27 2024	1716472587	97	883	979	883
Thu May 23 13:56:27 2024	1716472587	97	883	979	883
Thu May 23 13:56:27 2024	1716472587	97	883	980	883
Thu May 23 13:56:27 2024	1716472587	99	881	980	881
Thu May 23 13:56:27 2024	1716472587	99	881	980	881
Thu May 23 13:56:27 2024	1716472587	99	882	981	882
Thu May 23 13:56:27 2024	1716472587	99	882	981	882
Thu May 23 13:56:27 2024	1716472587	100	882	982	882
Thu May 23 13:56:27 2024	1716472587	100	882	982	882
Thu May 23 13:56:27 2024	1716472587	100	883	982	883
Thu May 23 13:56:27 2024	1716472587	100	883	983	882
Thu May 23 13:56:27 2024	1716472587	102	881	983	881
Thu May 23 13:56:27 2024	1716472587	102	881	983	881
Thu May 23 13:56:27 2024	1716472587	102	882	984	882
Thu May 23 13:56:27 2024	1716472587	102	881	984	881
Thu May 23 13:56:27 2024	1716472587	106	881	987	881
Thu May 23 13:56:27 2024	1716472587	106	881	987	881
Thu May 23 13:56:27 2024	1716472587	106	881	987	881
Thu May 23 13:56:27 2024	1716472587	108	880	987	880
Thu May 23 13:56:27 2024	1716472587	108	880	987	880
Thu May 23 13:56:27 2024	1716472587	108	879	987	879
Thu May 23 13:56:27 2024	1716472587	108	879	988	879
Thu May 23 13:56:27 2024	1716472587	108	879	988	879
Thu May 23 13:56:27 2024	1716472587	109	879	988	879
Thu May 23 13:56:27 2024	1716472587	197	794	991	794
Thu May 23 13:56:27 2024	1716472587	197	795	992	795
Thu May 23 13:56:27 2024	1716472587	197	796	992	796
Thu May 23 13:56:27 2024	1716472587	197	796	993	796
Thu May 23 13:56:27 2024	1716472587	197	797	993	797
Thu May 23 13:56:27 2024	1716472587	197	797	994	797
Thu May 23 13:56:27 2024	1716472587	114	881	994	881
Thu May 23 13:56:27 2024	1716472587	114	881	994	880
Thu May 23 13:56:27 2024	1716472587	114	880	994	880
Thu May 23 13:56:27 2024	1716472587	114	881	995	881
Thu May 23 13:56:27 2024	1716472587	114	881	995	881
Thu May 23 13:56:27 2024	1716472587	196	799	995	799
Thu May 23 13:56:27 2024	1716472587	115	881	996	881
Thu May 23 13:56:27 2024	1716472587	115	881	996	881
Thu May 23 13:56:27 2024	1716472587	117	880	997	880
Thu May 23 13:56:27 2024	1716472587	120	880	1000	880
Thu May 23 13:56:27 2024	1716472587	120	880	1000	880
Thu May 23 13:56:27 2024	1716472587	120	880	1001	880
Thu May 23 13:56:27 2024	1716472587	121	880	1001	880
Thu May 23 13:56:27 2024	1716472587	123	880	1003	880
Thu May 23 13:56:27 2024	1716472587	123	880	1003	880
Thu May 23 13:56:27 2024	1716472587	197	806	1003	806
Thu May 23 13:56:27 2024	1716472587	123	880	1003	880
Thu May 23 13:56:27 2024	1716472587	197	806	1003	806
Thu May 23 13:56:27 2024	1716472587	123	880	1003	880
Thu May 23 13:56:27 2024	1716472587	197	807	1004	807
Thu May 23 13:56:27 2024	1716472587	196	810	1007	810
Thu May 23 13:56:27 2024	1716472587	129	879	1008	879
Thu May 23 13:56:27 2024	1716472587	129	880	1009	880
Thu May 23 13:56:27 2024	1716472587	129	880	1009	880
Thu May 23 13:56:27 2024	1716472587	129	880	1009	880
Thu May 23 13:56:27 2024	1716472587	136	879	1015	879
Thu May 23 13:56:27 2024	1716472587	137	879	1016	879
Thu May 23 13:56:27 2024	1716472587	145	879	1023	879
Thu May 23 13:56:27 2024	1716472587	145	878	1023	878
Thu May 23 13:56:27 2024	1716472587	145	879	1024	879
Thu May 23 13:56:27 2024	1716472587	145	879	1024	879
Thu May 23 13:56:27 2024	1716472587	146	879	1024	879
Thu May 23 13:56:27 2024	1716472587	146	879	1025	879
Thu May 23 13:56:28 2024	1716472588	181	864	1045	864
Thu May 23 13:56:28 2024	1716472588	182	867	1049	867
Thu May 23 13:56:28 2024	1716472588	182	867	1049	867
Thu May 23 13:56:28 2024	1716472588	177	872	1050	872
Thu May 23 13:56:28 2024	1716472588	182	867	1050	867
Thu May 23 13:56:28 2024	1716472588	174	877	1051	877
Thu May 23 13:56:28 2024	1716472588	182	870	1052	870
Thu May 23 13:56:28 2024	1716472588	182	870	1052	870
Thu May 23 13:56:28 2024	1716472588	182	870	1052	870
Thu May 23 13:56:28 2024	1716472588	182	870	1052	870
Thu May 23 13:56:28 2024	1716472588	178	876	1054	876
Thu May 23 13:56:27 2024	1716472587	181	885	1066	885
Thu May 23 13:56:27 2024	1716472587	181	885	1066	885
Thu May 23 13:56:27 2024	1716472587	121	945	1066	945
Thu May 23 13:56:27 2024	1716472587	181	885	1066	885
Thu May 23 13:56:27 2024	1716472587	181	886	1067	886
Thu May 23 13:56:27 2024	1716472587	184	884	1068	884
Thu May 23 13:56:27 2024	1716472587	184	884	1068	884
Thu May 23 13:56:27 2024	1716472587	184	885	1068	885
Thu May 23 13:56:27 2024	1716472587	193	881	1074	881
Thu May 23 13:56:27 2024	1716472587	200	879	1079	879
Thu May 23 13:56:27 2024	1716472587	200	879	1079	879
Thu May 23 13:56:27 2024	1716472587	200	879	1079	879
Thu May 23 13:56:27 2024	1716472587	200	879	1079	879
Thu May 23 13:56:27 2024	1716472587	200	879	1079	879
Thu May 23 13:56:27 2024	1716472587	199	880	1079	880
Thu May 23 13:56:27 2024	1716472587	199	881	1080	881
Thu May 23 13:56:27 2024	1716472587	199	881	1080	881
Thu May 23 13:56:27 2024	1716472587	56	1287	1343	1287
Thu May 23 13:56:27 2024	1716472587	56	1287	1343	1287
Thu May 23 13:56:27 2024	1716472587	56	1288	1343	1288
Thu May 23 13:56:27 2024	1716472587	55	1288	1343	1288
Thu May 23 13:56:27 2024	1716472587	55	1288	1344	1288
Thu May 23 13:56:27 2024	1716472587	55	1289	1344	1289
Thu May 23 13:56:27 2024	1716472587	55	1289	1344	1289
Thu May 23 13:56:27 2024	1716472587	55	1289	1344	1289
Thu May 23 13:56:27 2024	1716472587	1190	176	1366	176
Thu May 23 13:56:27 2024	1716472587	1193	176	1369	176
Thu May 23 13:56:27 2024	1716472587	1197	174	1371	174
Thu May 23 13:56:27 2024	1716472587	67	1305	1372	1305
Thu May 23 13:56:27 2024	1716472587	67	1305	1372	1305
Thu May 23 13:56:27 2024	1716472587	1196	176	1372	176
Thu May 23 13:56:27 2024	1716472587	1205	177	1381	177
Thu May 23 13:56:27 2024	1716472587	1205	177	1382	177
Thu May 23 13:56:27 2024	1716472587	1206	177	1383	177
Thu May 23 13:56:27 2024	1716472587	1206	177	1383	177
Thu May 23 13:56:27 2024	1716472587	1207	177	1384	177
Thu May 23 13:56:27 2024	1716472587	1204	180	1384	180
Thu May 23 13:56:27 2024	1716472587	1204	181	1385	181
Thu May 23 13:56:27 2024	1716472587	1204	181	1385	181
Thu May 23 13:56:27 2024	1716472587	1207	179	1386	179
Thu May 23 13:56:27 2024	1716472587	181	1324	1505	1324
Thu May 23 13:56:27 2024	1716472587	181	1324	1505	1324
Thu May 23 13:56:27 2024	1716472587	30	1578	1608	1578
Thu May 23 13:56:27 2024	1716472587	30	1578	1608	1578
Thu May 23 13:56:27 2024	1716472587	30	1578	1608	1578
Thu May 23 13:56:27 2024	1716472587	30	1578	1608	1578
Thu May 23 13:56:27 2024	1716472587	31	1578	1609	1578
Thu May 23 13:56:27 2024	1716472587	32	1577	1609	1577
Thu May 23 13:56:27 2024	1716472587	32	1577	1609	1577
Thu May 23 13:56:27 2024	1716472587	32	1577	1610	1577
Thu May 23 13:56:27 2024	1716472587	33	1579	1612	1579
Thu May 23 13:56:27 2024	1716472587	33	1579	1612	1579
Thu May 23 13:56:27 2024	1716472587	53	1577	1630	1577
Thu May 23 13:56:27 2024	1716472587	53	1577	1630	1577
Thu May 23 13:56:27 2024	1716472587	64	1577	1640	1577
Thu May 23 13:56:27 2024	1716472587	64	1577	1641	1577
Thu May 23 13:56:27 2024	1716472587	64	1577	1641	1577
Thu May 23 13:56:27 2024	1716472587	64	1577	1642	1577
Thu May 23 13:56:27 2024	1716472587	64	1577	1642	1577
Thu May 23 13:56:27 2024	1716472587	67	1576	1643	1576
Thu May 23 13:56:27 2024	1716472587	67	1576	1643	1576
Thu May 23 13:56:27 2024	1716472587	69	1576	1645	1576
Thu May 23 13:56:27 2024	1716472587	69	1576	1645	1576
Thu May 23 13:56:27 2024	1716472587	81	1575	1657	1575
Thu May 23 13:56:27 2024	1716472587	82	1575	1657	1575
Thu May 23 13:56:27 2024	1716472587	94	1575	1669	1575
Thu May 23 13:56:27 2024	1716472587	98	1575	1673	1575
Thu May 23 13:56:27 2024	1716472587	98	1575	1673	1575
Thu May 23 13:56:27 2024	1716472587	99	1575	1674	1575
Thu May 23 13:56:27 2024	1716472587	99	1575	1674	1575
Thu May 23 13:56:27 2024	1716472587	102	1574	1676	1574
Thu May 23 13:56:27 2024	1716472587	115	1573	1688	1573
Thu May 23 13:56:27 2024	1716472587	136	1565	1701	1565
Thu May 23 13:56:27 2024	1716472587	146	1564	1710	1564
Thu May 23 13:56:27 2024	1716472587	146	1564	1710	1564
