starttime	seconds	ctime	dtime	ttime	wait
Thu Jun 06 14:43:26 2024	1717685006	0	19	19	0
Thu Jun 06 14:43:26 2024	1717685006	19	1	19	0
Thu Jun 06 14:43:26 2024	1717685006	19	1	19	0
Thu Jun 06 14:43:26 2024	1717685006	19	1	19	0
Thu Jun 06 14:43:26 2024	1717685006	19	1	19	0
Thu Jun 06 14:43:26 2024	1717685006	19	1	19	0
Thu Jun 06 14:43:26 2024	1717685006	19	1	19	0
Thu Jun 06 14:43:26 2024	1717685006	19	1	19	0
Thu Jun 06 14:43:26 2024	1717685006	19	0	19	0
Thu Jun 06 14:43:26 2024	1717685006	19	0	19	0
Thu Jun 06 14:43:26 2024	1717685006	19	0	19	0
Thu Jun 06 14:43:26 2024	1717685006	19	2	21	2
Thu Jun 06 14:43:26 2024	1717685006	19	3	22	3
Thu Jun 06 14:43:26 2024	1717685006	19	4	23	4
Thu Jun 06 14:43:26 2024	1717685006	19	6	25	6
Thu Jun 06 14:43:26 2024	1717685006	19	8	27	8
Thu Jun 06 14:43:26 2024	1717685006	19	10	29	10
Thu Jun 06 14:43:26 2024	1717685006	19	12	31	12
Thu Jun 06 14:43:26 2024	1717685006	19	14	32	14
Thu Jun 06 14:43:26 2024	1717685006	19	16	35	16
Thu Jun 06 14:43:26 2024	1717685006	19	18	37	18
Thu Jun 06 14:43:26 2024	1717685006	19	20	39	20
Thu Jun 06 14:43:26 2024	1717685006	19	22	41	22
Thu Jun 06 14:43:26 2024	1717685006	19	24	43	24
Thu Jun 06 14:43:26 2024	1717685006	19	26	45	26
Thu Jun 06 14:43:26 2024	1717685006	19	28	46	28
Thu Jun 06 14:43:26 2024	1717685006	19	29	48	29
Thu Jun 06 14:43:26 2024	1717685006	19	31	49	31
Thu Jun 06 14:43:26 2024	1717685006	19	32	50	32
Thu Jun 06 14:43:26 2024	1717685006	18	33	52	33
Thu Jun 06 14:43:26 2024	1717685006	18	35	53	35
Thu Jun 06 14:43:26 2024	1717685006	18	37	56	37
Thu Jun 06 14:43:26 2024	1717685006	18	40	58	40
Thu Jun 06 14:43:26 2024	1717685006	18	42	60	42
Thu Jun 06 14:43:26 2024	1717685006	18	44	63	44
Thu Jun 06 14:43:26 2024	1717685006	18	47	65	47
Thu Jun 06 14:43:26 2024	1717685006	18	49	68	49
Thu Jun 06 14:43:26 2024	1717685006	18	52	70	52
Thu Jun 06 14:43:26 2024	1717685006	18	53	72	53
Thu Jun 06 14:43:26 2024	1717685006	18	56	74	56
Thu Jun 06 14:43:26 2024	1717685006	18	59	77	59
Thu Jun 06 14:43:26 2024	1717685006	18	61	79	61
Thu Jun 06 14:43:26 2024	1717685006	18	63	81	63
Thu Jun 06 14:43:26 2024	1717685006	18	66	84	66
Thu Jun 06 14:43:26 2024	1717685006	18	68	86	68
Thu Jun 06 14:43:26 2024	1717685006	18	70	89	70
Thu Jun 06 14:43:26 2024	1717685006	18	73	91	73
Thu Jun 06 14:43:26 2024	1717685006	18	75	94	75
Thu Jun 06 14:43:26 2024	1717685006	18	78	96	78
Thu Jun 06 14:43:26 2024	1717685006	18	81	99	81
Thu Jun 06 14:43:26 2024	1717685006	18	83	101	83
Thu Jun 06 14:43:26 2024	1717685006	18	86	104	85
Thu Jun 06 14:43:26 2024	1717685006	18	88	106	88
Thu Jun 06 14:43:26 2024	1717685006	18	91	109	91
Thu Jun 06 14:43:26 2024	1717685006	18	93	111	93
Thu Jun 06 14:43:26 2024	1717685006	18	96	114	96
Thu Jun 06 14:43:26 2024	1717685006	18	99	117	99
Thu Jun 06 14:43:26 2024	1717685006	18	101	120	101
Thu Jun 06 14:43:26 2024	1717685006	18	104	122	104
Thu Jun 06 14:43:26 2024	1717685006	18	107	125	107
Thu Jun 06 14:43:26 2024	1717685006	18	110	128	110
Thu Jun 06 14:43:26 2024	1717685006	18	113	131	113
Thu Jun 06 14:43:26 2024	1717685006	18	116	134	116
Thu Jun 06 14:43:26 2024	1717685006	18	119	137	119
Thu Jun 06 14:43:26 2024	1717685006	18	123	141	123
Thu Jun 06 14:43:26 2024	1717685006	18	126	144	126
Thu Jun 06 14:43:26 2024	1717685006	18	128	146	128
Thu Jun 06 14:43:26 2024	1717685006	18	131	149	131
Thu Jun 06 14:43:26 2024	1717685006	18	135	153	135
Thu Jun 06 14:43:26 2024	1717685006	18	138	156	138
Thu Jun 06 14:43:26 2024	1717685006	18	141	159	141
Thu Jun 06 14:43:26 2024	1717685006	18	145	163	145
Thu Jun 06 14:43:26 2024	1717685006	18	147	165	147
Thu Jun 06 14:43:26 2024	1717685006	18	151	169	151
Thu Jun 06 14:43:26 2024	1717685006	18	154	172	154
Thu Jun 06 14:43:26 2024	1717685006	18	157	175	157
Thu Jun 06 14:43:26 2024	1717685006	18	159	177	159
Thu Jun 06 14:43:26 2024	1717685006	18	163	181	163
Thu Jun 06 14:43:26 2024	1717685006	18	165	183	165
Thu Jun 06 14:43:26 2024	1717685006	18	169	186	169
Thu Jun 06 14:43:26 2024	1717685006	18	172	189	172
Thu Jun 06 14:43:26 2024	1717685006	18	176	193	176
Thu Jun 06 14:43:26 2024	1717685006	18	179	197	179
Thu Jun 06 14:43:26 2024	1717685006	18	182	200	182
Thu Jun 06 14:43:26 2024	1717685006	18	185	203	185
Thu Jun 06 14:43:26 2024	1717685006	18	188	206	188
Thu Jun 06 14:43:26 2024	1717685006	18	192	209	192
Thu Jun 06 14:43:26 2024	1717685006	18	195	212	195
Thu Jun 06 14:43:26 2024	1717685006	18	198	216	198
Thu Jun 06 14:43:26 2024	1717685006	18	202	219	202
Thu Jun 06 14:43:26 2024	1717685006	18	206	223	206
Thu Jun 06 14:43:26 2024	1717685006	18	209	226	209
Thu Jun 06 14:43:26 2024	1717685006	18	212	230	212
Thu Jun 06 14:43:26 2024	1717685006	18	216	233	216
Thu Jun 06 14:43:26 2024	1717685006	18	220	237	220
Thu Jun 06 14:43:26 2024	1717685006	18	223	240	222
Thu Jun 06 14:43:26 2024	1717685006	18	226	244	226
Thu Jun 06 14:43:26 2024	1717685006	17	230	247	230
Thu Jun 06 14:43:26 2024	1717685006	17	233	250	233
Thu Jun 06 14:43:26 2024	1717685006	17	237	254	237
Thu Jun 06 14:43:26 2024	1717685006	17	240	258	240
Thu Jun 06 14:43:26 2024	1717685006	18	242	260	242
Thu Jun 06 14:43:26 2024	1717685006	19	242	260	242
Thu Jun 06 14:43:26 2024	1717685006	19	242	261	242
Thu Jun 06 14:43:26 2024	1717685006	19	242	261	242
Thu Jun 06 14:43:26 2024	1717685006	19	242	261	242
Thu Jun 06 14:43:26 2024	1717685006	19	242	262	242
Thu Jun 06 14:43:26 2024	1717685006	20	242	262	242
Thu Jun 06 14:43:26 2024	1717685006	21	241	262	241
Thu Jun 06 14:43:26 2024	1717685006	21	241	262	241
Thu Jun 06 14:43:26 2024	1717685006	21	242	263	242
Thu Jun 06 14:43:26 2024	1717685006	21	242	263	242
Thu Jun 06 14:43:26 2024	1717685006	22	242	263	242
Thu Jun 06 14:43:26 2024	1717685006	22	242	264	242
Thu Jun 06 14:43:26 2024	1717685006	22	242	264	242
Thu Jun 06 14:43:26 2024	1717685006	23	241	264	241
Thu Jun 06 14:43:26 2024	1717685006	24	241	264	241
Thu Jun 06 14:43:26 2024	1717685006	24	241	265	241
Thu Jun 06 14:43:26 2024	1717685006	24	241	265	241
Thu Jun 06 14:43:26 2024	1717685006	24	241	265	241
Thu Jun 06 14:43:26 2024	1717685006	24	241	265	241
Thu Jun 06 14:43:26 2024	1717685006	25	241	266	241
Thu Jun 06 14:43:26 2024	1717685006	26	240	266	240
Thu Jun 06 14:43:26 2024	1717685006	26	240	267	240
Thu Jun 06 14:43:26 2024	1717685006	26	240	267	240
Thu Jun 06 14:43:26 2024	1717685006	27	241	267	241
Thu Jun 06 14:43:26 2024	1717685006	27	241	268	241
Thu Jun 06 14:43:26 2024	1717685006	27	241	268	241
Thu Jun 06 14:43:26 2024	1717685006	27	241	268	241
Thu Jun 06 14:43:26 2024	1717685006	29	240	268	240
Thu Jun 06 14:43:26 2024	1717685006	29	240	269	240
Thu Jun 06 14:43:26 2024	1717685006	29	240	269	240
Thu Jun 06 14:43:26 2024	1717685006	29	240	269	240
Thu Jun 06 14:43:26 2024	1717685006	29	240	269	240
Thu Jun 06 14:43:26 2024	1717685006	30	241	270	241
Thu Jun 06 14:43:26 2024	1717685006	30	241	270	241
Thu Jun 06 14:43:26 2024	1717685006	31	239	271	239
Thu Jun 06 14:43:26 2024	1717685006	32	239	271	239
Thu Jun 06 14:43:26 2024	1717685006	32	240	271	240
Thu Jun 06 14:43:26 2024	1717685006	32	240	272	240
Thu Jun 06 14:43:26 2024	1717685006	32	240	272	240
Thu Jun 06 14:43:26 2024	1717685006	32	240	272	240
Thu Jun 06 14:43:26 2024	1717685006	33	240	272	240
Thu Jun 06 14:43:26 2024	1717685006	34	238	273	238
Thu Jun 06 14:43:26 2024	1717685006	34	238	273	238
Thu Jun 06 14:43:26 2024	1717685006	35	238	273	238
Thu Jun 06 14:43:26 2024	1717685006	35	239	273	239
Thu Jun 06 14:43:26 2024	1717685006	35	239	274	239
Thu Jun 06 14:43:26 2024	1717685006	35	239	274	239
Thu Jun 06 14:43:26 2024	1717685006	35	239	275	239
Thu Jun 06 14:43:26 2024	1717685006	37	238	275	238
Thu Jun 06 14:43:26 2024	1717685006	37	238	275	238
Thu Jun 06 14:43:26 2024	1717685006	37	238	276	238
Thu Jun 06 14:43:26 2024	1717685006	38	238	276	238
Thu Jun 06 14:43:26 2024	1717685006	38	238	276	238
Thu Jun 06 14:43:26 2024	1717685006	38	239	277	239
Thu Jun 06 14:43:26 2024	1717685006	38	239	277	239
Thu Jun 06 14:43:26 2024	1717685006	40	237	277	237
Thu Jun 06 14:43:26 2024	1717685006	40	237	277	237
Thu Jun 06 14:43:26 2024	1717685006	40	237	277	237
Thu Jun 06 14:43:26 2024	1717685006	40	237	278	237
Thu Jun 06 14:43:26 2024	1717685006	40	238	278	238
Thu Jun 06 14:43:26 2024	1717685006	41	238	278	238
Thu Jun 06 14:43:26 2024	1717685006	41	238	279	238
Thu Jun 06 14:43:26 2024	1717685006	42	236	279	236
Thu Jun 06 14:43:26 2024	1717685006	43	237	280	237
Thu Jun 06 14:43:26 2024	1717685006	43	237	280	237
Thu Jun 06 14:43:26 2024	1717685006	43	237	280	237
Thu Jun 06 14:43:26 2024	1717685006	43	237	280	237
Thu Jun 06 14:43:26 2024	1717685006	43	237	281	237
Thu Jun 06 14:43:26 2024	1717685006	45	236	281	236
Thu Jun 06 14:43:26 2024	1717685006	43	237	281	237
Thu Jun 06 14:43:26 2024	1717685006	45	236	281	236
Thu Jun 06 14:43:26 2024	1717685006	45	236	281	236
Thu Jun 06 14:43:26 2024	1717685006	46	236	282	236
Thu Jun 06 14:43:26 2024	1717685006	46	236	282	236
Thu Jun 06 14:43:26 2024	1717685006	46	237	283	237
Thu Jun 06 14:43:26 2024	1717685006	46	237	283	237
Thu Jun 06 14:43:26 2024	1717685006	48	235	283	235
Thu Jun 06 14:43:26 2024	1717685006	48	235	283	235
Thu Jun 06 14:43:26 2024	1717685006	48	236	284	236
Thu Jun 06 14:43:26 2024	1717685006	48	236	284	236
Thu Jun 06 14:43:26 2024	1717685006	51	235	285	234
Thu Jun 06 14:43:26 2024	1717685006	49	237	285	237
Thu Jun 06 14:43:26 2024	1717685006	51	235	286	235
Thu Jun 06 14:43:26 2024	1717685006	51	235	286	235
Thu Jun 06 14:43:26 2024	1717685006	51	235	286	235
Thu Jun 06 14:43:26 2024	1717685006	51	235	287	235
Thu Jun 06 14:43:26 2024	1717685006	52	235	287	235
Thu Jun 06 14:43:26 2024	1717685006	52	235	287	235
Thu Jun 06 14:43:26 2024	1717685006	54	234	287	234
Thu Jun 06 14:43:26 2024	1717685006	54	234	288	234
Thu Jun 06 14:43:26 2024	1717685006	54	234	288	234
Thu Jun 06 14:43:26 2024	1717685006	54	234	288	234
Thu Jun 06 14:43:26 2024	1717685006	54	234	288	234
Thu Jun 06 14:43:26 2024	1717685006	55	234	289	234
Thu Jun 06 14:43:26 2024	1717685006	55	234	289	234
Thu Jun 06 14:43:26 2024	1717685006	57	233	289	233
Thu Jun 06 14:43:26 2024	1717685006	57	233	290	233
Thu Jun 06 14:43:26 2024	1717685006	57	233	290	233
Thu Jun 06 14:43:26 2024	1717685006	57	233	291	233
Thu Jun 06 14:43:26 2024	1717685006	58	234	291	233
Thu Jun 06 14:43:26 2024	1717685006	58	234	291	234
Thu Jun 06 14:43:26 2024	1717685006	58	234	292	234
Thu Jun 06 14:43:26 2024	1717685006	60	232	292	232
Thu Jun 06 14:43:26 2024	1717685006	60	232	292	232
Thu Jun 06 14:43:26 2024	1717685006	60	232	292	232
Thu Jun 06 14:43:26 2024	1717685006	60	232	293	232
Thu Jun 06 14:43:26 2024	1717685006	60	232	293	232
Thu Jun 06 14:43:26 2024	1717685006	61	232	293	232
Thu Jun 06 14:43:26 2024	1717685006	61	232	293	232
Thu Jun 06 14:43:26 2024	1717685006	61	232	294	232
Thu Jun 06 14:43:26 2024	1717685006	63	231	294	231
Thu Jun 06 14:43:26 2024	1717685006	63	231	294	231
Thu Jun 06 14:43:26 2024	1717685006	63	232	295	232
Thu Jun 06 14:43:26 2024	1717685006	63	232	295	232
Thu Jun 06 14:43:26 2024	1717685006	64	232	295	232
Thu Jun 06 14:43:26 2024	1717685006	64	232	296	232
Thu Jun 06 14:43:26 2024	1717685006	66	230	296	230
Thu Jun 06 14:43:26 2024	1717685006	66	230	296	230
Thu Jun 06 14:43:26 2024	1717685006	66	230	297	230
Thu Jun 06 14:43:26 2024	1717685006	66	231	297	231
Thu Jun 06 14:43:26 2024	1717685006	67	231	297	231
Thu Jun 06 14:43:26 2024	1717685006	67	231	298	231
Thu Jun 06 14:43:26 2024	1717685006	69	229	298	229
Thu Jun 06 14:43:26 2024	1717685006	67	231	298	231
Thu Jun 06 14:43:26 2024	1717685006	69	229	298	229
Thu Jun 06 14:43:26 2024	1717685006	70	229	299	229
Thu Jun 06 14:43:26 2024	1717685006	70	229	299	229
Thu Jun 06 14:43:26 2024	1717685006	70	229	299	229
Thu Jun 06 14:43:26 2024	1717685006	70	229	299	229
Thu Jun 06 14:43:26 2024	1717685006	71	229	300	229
Thu Jun 06 14:43:26 2024	1717685006	72	228	300	228
Thu Jun 06 14:43:26 2024	1717685006	72	229	301	229
Thu Jun 06 14:43:26 2024	1717685006	73	229	301	229
Thu Jun 06 14:43:26 2024	1717685006	73	229	302	229
Thu Jun 06 14:43:26 2024	1717685006	73	229	302	229
Thu Jun 06 14:43:26 2024	1717685006	73	229	302	229
Thu Jun 06 14:43:26 2024	1717685006	74	229	302	229
Thu Jun 06 14:43:26 2024	1717685006	76	227	302	227
Thu Jun 06 14:43:26 2024	1717685006	76	227	303	227
Thu Jun 06 14:43:26 2024	1717685006	76	227	303	227
Thu Jun 06 14:43:26 2024	1717685006	76	227	303	227
Thu Jun 06 14:43:26 2024	1717685006	76	227	304	227
Thu Jun 06 14:43:26 2024	1717685006	77	227	304	227
Thu Jun 06 14:43:26 2024	1717685006	77	227	304	227
Thu Jun 06 14:43:26 2024	1717685006	77	227	305	227
Thu Jun 06 14:43:26 2024	1717685006	79	226	305	226
Thu Jun 06 14:43:26 2024	1717685006	79	226	305	226
Thu Jun 06 14:43:26 2024	1717685006	79	226	306	226
Thu Jun 06 14:43:26 2024	1717685006	80	226	306	226
Thu Jun 06 14:43:26 2024	1717685006	80	226	306	226
Thu Jun 06 14:43:26 2024	1717685006	80	226	306	226
Thu Jun 06 14:43:26 2024	1717685006	80	226	307	226
Thu Jun 06 14:43:26 2024	1717685006	82	225	307	225
Thu Jun 06 14:43:26 2024	1717685006	82	225	307	225
Thu Jun 06 14:43:26 2024	1717685006	83	225	307	225
Thu Jun 06 14:43:26 2024	1717685006	83	225	308	225
Thu Jun 06 14:43:26 2024	1717685006	83	225	308	225
Thu Jun 06 14:43:26 2024	1717685006	83	225	308	225
Thu Jun 06 14:43:26 2024	1717685006	84	225	308	225
Thu Jun 06 14:43:26 2024	1717685006	86	223	309	223
Thu Jun 06 14:43:26 2024	1717685006	84	225	309	225
Thu Jun 06 14:43:26 2024	1717685006	86	223	309	223
Thu Jun 06 14:43:26 2024	1717685006	86	224	310	224
Thu Jun 06 14:43:26 2024	1717685006	86	224	310	224
Thu Jun 06 14:43:26 2024	1717685006	87	224	310	224
Thu Jun 06 14:43:26 2024	1717685006	87	224	311	224
Thu Jun 06 14:43:26 2024	1717685006	87	224	311	224
Thu Jun 06 14:43:26 2024	1717685006	89	222	311	222
Thu Jun 06 14:43:27 2024	1717685007	162	149	311	149
Thu Jun 06 14:43:27 2024	1717685007	164	148	311	148
Thu Jun 06 14:43:27 2024	1717685007	164	148	311	148
Thu Jun 06 14:43:27 2024	1717685007	164	148	311	148
Thu Jun 06 14:43:27 2024	1717685007	164	148	311	148
Thu Jun 06 14:43:27 2024	1717685007	164	148	311	148
Thu Jun 06 14:43:26 2024	1717685006	89	222	311	222
Thu Jun 06 14:43:27 2024	1717685007	161	150	311	150
Thu Jun 06 14:43:27 2024	1717685007	159	152	311	152
Thu Jun 06 14:43:27 2024	1717685007	162	149	311	149
Thu Jun 06 14:43:27 2024	1717685007	163	149	311	149
Thu Jun 06 14:43:27 2024	1717685007	161	150	311	150
Thu Jun 06 14:43:27 2024	1717685007	164	148	311	148
Thu Jun 06 14:43:27 2024	1717685007	159	153	311	153
Thu Jun 06 14:43:27 2024	1717685007	164	147	312	147
Thu Jun 06 14:43:27 2024	1717685007	163	149	312	149
Thu Jun 06 14:43:27 2024	1717685007	160	151	312	151
Thu Jun 06 14:43:27 2024	1717685007	164	148	312	148
Thu Jun 06 14:43:27 2024	1717685007	158	154	312	154
Thu Jun 06 14:43:27 2024	1717685007	158	154	312	154
Thu Jun 06 14:43:27 2024	1717685007	158	154	312	154
Thu Jun 06 14:43:27 2024	1717685007	158	154	312	154
Thu Jun 06 14:43:26 2024	1717685006	90	222	312	222
Thu Jun 06 14:43:27 2024	1717685007	164	147	312	147
Thu Jun 06 14:43:27 2024	1717685007	158	154	312	154
Thu Jun 06 14:43:27 2024	1717685007	164	148	312	148
Thu Jun 06 14:43:27 2024	1717685007	158	154	312	154
Thu Jun 06 14:43:27 2024	1717685007	164	148	312	148
Thu Jun 06 14:43:27 2024	1717685007	158	154	312	154
Thu Jun 06 14:43:27 2024	1717685007	164	147	312	147
Thu Jun 06 14:43:27 2024	1717685007	163	149	312	149
Thu Jun 06 14:43:27 2024	1717685007	163	149	312	149
Thu Jun 06 14:43:27 2024	1717685007	161	151	312	151
Thu Jun 06 14:43:27 2024	1717685007	164	147	312	147
Thu Jun 06 14:43:27 2024	1717685007	160	151	312	151
Thu Jun 06 14:43:27 2024	1717685007	163	148	312	148
Thu Jun 06 14:43:27 2024	1717685007	161	151	312	151
Thu Jun 06 14:43:27 2024	1717685007	164	148	312	148
Thu Jun 06 14:43:27 2024	1717685007	163	148	312	148
Thu Jun 06 14:43:27 2024	1717685007	164	148	312	148
Thu Jun 06 14:43:27 2024	1717685007	163	148	312	148
Thu Jun 06 14:43:27 2024	1717685007	164	148	312	148
Thu Jun 06 14:43:26 2024	1717685006	90	222	312	222
Thu Jun 06 14:43:27 2024	1717685007	164	148	312	148
Thu Jun 06 14:43:27 2024	1717685007	164	148	312	148
Thu Jun 06 14:43:27 2024	1717685007	162	150	312	150
Thu Jun 06 14:43:27 2024	1717685007	162	150	312	150
Thu Jun 06 14:43:27 2024	1717685007	163	149	312	149
Thu Jun 06 14:43:27 2024	1717685007	162	150	312	150
Thu Jun 06 14:43:27 2024	1717685007	162	150	312	150
Thu Jun 06 14:43:27 2024	1717685007	162	150	312	150
Thu Jun 06 14:43:27 2024	1717685007	162	150	312	150
Thu Jun 06 14:43:27 2024	1717685007	159	153	312	153
Thu Jun 06 14:43:27 2024	1717685007	163	149	312	149
Thu Jun 06 14:43:27 2024	1717685007	163	149	312	149
Thu Jun 06 14:43:27 2024	1717685007	165	147	312	147
Thu Jun 06 14:43:27 2024	1717685007	163	149	312	149
Thu Jun 06 14:43:27 2024	1717685007	162	150	312	150
Thu Jun 06 14:43:27 2024	1717685007	163	149	312	149
Thu Jun 06 14:43:27 2024	1717685007	164	148	312	148
Thu Jun 06 14:43:27 2024	1717685007	162	151	312	151
Thu Jun 06 14:43:27 2024	1717685007	163	149	312	149
Thu Jun 06 14:43:27 2024	1717685007	162	151	312	151
Thu Jun 06 14:43:27 2024	1717685007	164	148	312	148
Thu Jun 06 14:43:27 2024	1717685007	162	150	312	150
Thu Jun 06 14:43:27 2024	1717685007	159	153	312	153
Thu Jun 06 14:43:26 2024	1717685006	90	222	312	222
Thu Jun 06 14:43:27 2024	1717685007	161	151	312	151
Thu Jun 06 14:43:27 2024	1717685007	164	148	312	148
Thu Jun 06 14:43:27 2024	1717685007	162	151	312	151
Thu Jun 06 14:43:27 2024	1717685007	162	150	312	150
Thu Jun 06 14:43:27 2024	1717685007	158	155	312	155
Thu Jun 06 14:43:27 2024	1717685007	161	151	312	151
Thu Jun 06 14:43:27 2024	1717685007	164	148	312	148
Thu Jun 06 14:43:27 2024	1717685007	165	148	312	148
Thu Jun 06 14:43:27 2024	1717685007	157	155	312	155
Thu Jun 06 14:43:27 2024	1717685007	165	148	312	148
Thu Jun 06 14:43:27 2024	1717685007	164	148	312	148
Thu Jun 06 14:43:27 2024	1717685007	162	151	312	151
Thu Jun 06 14:43:27 2024	1717685007	164	149	312	149
Thu Jun 06 14:43:27 2024	1717685007	162	151	312	151
Thu Jun 06 14:43:27 2024	1717685007	164	149	313	149
Thu Jun 06 14:43:26 2024	1717685006	90	222	313	222
Thu Jun 06 14:43:27 2024	1717685007	164	149	313	149
Thu Jun 06 14:43:27 2024	1717685007	162	151	313	151
Thu Jun 06 14:43:27 2024	1717685007	162	151	313	151
Thu Jun 06 14:43:27 2024	1717685007	161	152	313	152
Thu Jun 06 14:43:27 2024	1717685007	161	151	313	151
Thu Jun 06 14:43:27 2024	1717685007	160	152	313	152
Thu Jun 06 14:43:27 2024	1717685007	164	149	313	149
Thu Jun 06 14:43:27 2024	1717685007	161	151	313	151
Thu Jun 06 14:43:27 2024	1717685007	161	152	313	152
Thu Jun 06 14:43:27 2024	1717685007	163	150	313	150
Thu Jun 06 14:43:27 2024	1717685007	157	156	313	156
Thu Jun 06 14:43:27 2024	1717685007	164	149	313	149
Thu Jun 06 14:43:27 2024	1717685007	162	150	313	150
Thu Jun 06 14:43:27 2024	1717685007	161	151	313	151
Thu Jun 06 14:43:27 2024	1717685007	161	152	313	152
Thu Jun 06 14:43:27 2024	1717685007	161	151	313	151
Thu Jun 06 14:43:27 2024	1717685007	164	149	313	149
Thu Jun 06 14:43:26 2024	1717685006	90	222	313	222
Thu Jun 06 14:43:27 2024	1717685007	161	152	313	152
Thu Jun 06 14:43:27 2024	1717685007	163	150	313	150
Thu Jun 06 14:43:27 2024	1717685007	163	150	313	150
Thu Jun 06 14:43:27 2024	1717685007	161	152	313	152
Thu Jun 06 14:43:27 2024	1717685007	161	152	313	151
Thu Jun 06 14:43:27 2024	1717685007	161	152	313	152
Thu Jun 06 14:43:27 2024	1717685007	161	152	313	152
Thu Jun 06 14:43:27 2024	1717685007	156	156	313	156
Thu Jun 06 14:43:27 2024	1717685007	164	149	313	149
Thu Jun 06 14:43:27 2024	1717685007	161	152	313	152
Thu Jun 06 14:43:27 2024	1717685007	161	152	313	152
Thu Jun 06 14:43:27 2024	1717685007	160	153	313	153
Thu Jun 06 14:43:27 2024	1717685007	160	153	313	153
Thu Jun 06 14:43:27 2024	1717685007	160	153	313	153
Thu Jun 06 14:43:27 2024	1717685007	161	152	313	152
Thu Jun 06 14:43:27 2024	1717685007	162	151	313	151
Thu Jun 06 14:43:27 2024	1717685007	160	153	313	153
Thu Jun 06 14:43:27 2024	1717685007	155	158	313	158
Thu Jun 06 14:43:27 2024	1717685007	161	152	313	152
Thu Jun 06 14:43:27 2024	1717685007	160	154	313	154
Thu Jun 06 14:43:27 2024	1717685007	159	154	313	154
Thu Jun 06 14:43:27 2024	1717685007	159	154	313	154
Thu Jun 06 14:43:27 2024	1717685007	159	154	313	154
Thu Jun 06 14:43:27 2024	1717685007	159	154	313	154
Thu Jun 06 14:43:27 2024	1717685007	156	157	313	157
Thu Jun 06 14:43:27 2024	1717685007	159	155	313	155
Thu Jun 06 14:43:27 2024	1717685007	160	154	313	154
Thu Jun 06 14:43:27 2024	1717685007	160	154	313	154
Thu Jun 06 14:43:27 2024	1717685007	159	154	313	154
Thu Jun 06 14:43:27 2024	1717685007	159	154	313	154
Thu Jun 06 14:43:27 2024	1717685007	161	153	313	153
Thu Jun 06 14:43:27 2024	1717685007	160	154	313	154
Thu Jun 06 14:43:27 2024	1717685007	159	154	313	154
Thu Jun 06 14:43:27 2024	1717685007	159	155	313	155
Thu Jun 06 14:43:27 2024	1717685007	159	154	313	154
Thu Jun 06 14:43:27 2024	1717685007	160	154	313	154
Thu Jun 06 14:43:27 2024	1717685007	159	154	313	154
Thu Jun 06 14:43:27 2024	1717685007	161	153	313	153
Thu Jun 06 14:43:27 2024	1717685007	159	154	313	154
Thu Jun 06 14:43:27 2024	1717685007	159	154	313	154
Thu Jun 06 14:43:27 2024	1717685007	159	154	313	154
Thu Jun 06 14:43:27 2024	1717685007	156	158	313	158
Thu Jun 06 14:43:27 2024	1717685007	159	154	313	154
Thu Jun 06 14:43:27 2024	1717685007	159	155	313	155
Thu Jun 06 14:43:27 2024	1717685007	161	153	313	153
Thu Jun 06 14:43:27 2024	1717685007	159	154	313	154
Thu Jun 06 14:43:26 2024	1717685006	93	221	313	221
Thu Jun 06 14:43:27 2024	1717685007	161	153	313	153
Thu Jun 06 14:43:27 2024	1717685007	159	155	313	155
Thu Jun 06 14:43:27 2024	1717685007	160	154	313	154
Thu Jun 06 14:43:27 2024	1717685007	156	158	314	158
Thu Jun 06 14:43:27 2024	1717685007	154	159	314	159
Thu Jun 06 14:43:27 2024	1717685007	161	153	314	153
Thu Jun 06 14:43:27 2024	1717685007	160	154	314	154
Thu Jun 06 14:43:27 2024	1717685007	155	159	314	159
Thu Jun 06 14:43:27 2024	1717685007	155	159	314	159
Thu Jun 06 14:43:27 2024	1717685007	159	154	314	154
Thu Jun 06 14:43:27 2024	1717685007	155	159	314	159
Thu Jun 06 14:43:27 2024	1717685007	160	154	314	154
Thu Jun 06 14:43:27 2024	1717685007	160	154	314	154
Thu Jun 06 14:43:27 2024	1717685007	159	155	314	155
Thu Jun 06 14:43:27 2024	1717685007	155	159	314	159
Thu Jun 06 14:43:26 2024	1717685006	93	221	314	221
Thu Jun 06 14:43:27 2024	1717685007	162	152	314	152
Thu Jun 06 14:43:27 2024	1717685007	159	154	314	154
Thu Jun 06 14:43:27 2024	1717685007	152	162	314	162
Thu Jun 06 14:43:26 2024	1717685006	93	221	314	221
Thu Jun 06 14:43:27 2024	1717685007	152	162	314	162
Thu Jun 06 14:43:27 2024	1717685007	160	155	314	155
Thu Jun 06 14:43:27 2024	1717685007	151	163	314	163
Thu Jun 06 14:43:27 2024	1717685007	151	163	314	163
Thu Jun 06 14:43:27 2024	1717685007	151	164	314	164
Thu Jun 06 14:43:27 2024	1717685007	150	164	314	164
Thu Jun 06 14:43:27 2024	1717685007	150	164	314	164
Thu Jun 06 14:43:27 2024	1717685007	150	164	314	164
Thu Jun 06 14:43:27 2024	1717685007	160	155	314	155
Thu Jun 06 14:43:27 2024	1717685007	154	161	314	161
Thu Jun 06 14:43:27 2024	1717685007	160	155	315	155
Thu Jun 06 14:43:27 2024	1717685007	154	160	315	160
Thu Jun 06 14:43:26 2024	1717685006	93	221	315	221
Thu Jun 06 14:43:27 2024	1717685007	151	164	315	164
Thu Jun 06 14:43:27 2024	1717685007	160	155	315	155
Thu Jun 06 14:43:27 2024	1717685007	150	165	315	165
Thu Jun 06 14:43:26 2024	1717685006	94	221	315	221
Thu Jun 06 14:43:27 2024	1717685007	152	163	315	163
Thu Jun 06 14:43:27 2024	1717685007	151	164	315	164
Thu Jun 06 14:43:27 2024	1717685007	160	155	315	155
Thu Jun 06 14:43:27 2024	1717685007	151	164	315	164
Thu Jun 06 14:43:26 2024	1717685006	94	221	315	221
Thu Jun 06 14:43:27 2024	1717685007	148	167	315	167
Thu Jun 06 14:43:27 2024	1717685007	161	155	315	155
Thu Jun 06 14:43:27 2024	1717685007	148	168	315	168
Thu Jun 06 14:43:26 2024	1717685006	94	221	315	221
Thu Jun 06 14:43:27 2024	1717685007	148	168	315	168
Thu Jun 06 14:43:27 2024	1717685007	148	168	316	168
Thu Jun 06 14:43:27 2024	1717685007	147	168	316	168
Thu Jun 06 14:43:27 2024	1717685007	151	165	316	165
Thu Jun 06 14:43:26 2024	1717685006	96	220	316	220
Thu Jun 06 14:43:27 2024	1717685007	161	155	316	155
Thu Jun 06 14:43:27 2024	1717685007	148	168	316	168
Thu Jun 06 14:43:27 2024	1717685007	148	168	316	168
Thu Jun 06 14:43:27 2024	1717685007	148	168	316	168
Thu Jun 06 14:43:26 2024	1717685006	96	220	316	220
Thu Jun 06 14:43:27 2024	1717685007	148	168	316	168
Thu Jun 06 14:43:27 2024	1717685007	161	155	316	155
Thu Jun 06 14:43:27 2024	1717685007	150	166	316	166
Thu Jun 06 14:43:27 2024	1717685007	147	169	316	169
Thu Jun 06 14:43:27 2024	1717685007	161	155	316	155
Thu Jun 06 14:43:26 2024	1717685006	97	220	316	220
Thu Jun 06 14:43:27 2024	1717685007	148	169	316	169
Thu Jun 06 14:43:28 2024	1717685008	0	316	316	488
Thu Jun 06 14:43:27 2024	1717685007	147	169	316	169
Thu Jun 06 14:43:26 2024	1717685006	97	220	316	220
Thu Jun 06 14:43:27 2024	1717685007	148	169	317	169
Thu Jun 06 14:43:28 2024	1717685008	0	317	317	489
Thu Jun 06 14:43:27 2024	1717685007	148	169	317	169
Thu Jun 06 14:43:27 2024	1717685007	147	170	317	170
Thu Jun 06 14:43:27 2024	1717685007	162	155	317	155
Thu Jun 06 14:43:27 2024	1717685007	147	170	317	170
Thu Jun 06 14:43:28 2024	1717685008	0	317	317	489
Thu Jun 06 14:43:27 2024	1717685007	147	170	317	170
Thu Jun 06 14:43:26 2024	1717685006	97	220	317	220
Thu Jun 06 14:43:27 2024	1717685007	147	170	317	170
Thu Jun 06 14:43:27 2024	1717685007	147	170	317	170
Thu Jun 06 14:43:28 2024	1717685008	0	317	317	489
Thu Jun 06 14:43:27 2024	1717685007	147	170	317	170
Thu Jun 06 14:43:27 2024	1717685007	147	170	317	170
Thu Jun 06 14:43:27 2024	1717685007	156	161	317	161
Thu Jun 06 14:43:26 2024	1717685006	97	220	317	220
Thu Jun 06 14:43:27 2024	1717685007	147	170	317	170
Thu Jun 06 14:43:27 2024	1717685007	156	161	317	161
Thu Jun 06 14:43:27 2024	1717685007	156	161	317	161
Thu Jun 06 14:43:27 2024	1717685007	157	160	317	160
Thu Jun 06 14:43:27 2024	1717685007	157	160	317	160
Thu Jun 06 14:43:27 2024	1717685007	157	160	317	160
Thu Jun 06 14:43:27 2024	1717685007	157	160	317	160
Thu Jun 06 14:43:27 2024	1717685007	157	160	317	160
Thu Jun 06 14:43:27 2024	1717685007	156	161	317	161
Thu Jun 06 14:43:27 2024	1717685007	156	161	317	161
Thu Jun 06 14:43:28 2024	1717685008	0	317	317	490
Thu Jun 06 14:43:27 2024	1717685007	157	161	317	161
Thu Jun 06 14:43:27 2024	1717685007	157	161	317	161
Thu Jun 06 14:43:27 2024	1717685007	157	160	317	160
Thu Jun 06 14:43:28 2024	1717685008	0	317	317	1190
Thu Jun 06 14:43:27 2024	1717685007	157	161	317	161
Thu Jun 06 14:43:27 2024	1717685007	157	160	317	160
Thu Jun 06 14:43:26 2024	1717685006	97	220	317	220
Thu Jun 06 14:43:27 2024	1717685007	157	160	317	160
Thu Jun 06 14:43:27 2024	1717685007	156	161	317	161
Thu Jun 06 14:43:27 2024	1717685007	157	160	317	160
Thu Jun 06 14:43:27 2024	1717685007	157	161	317	161
Thu Jun 06 14:43:27 2024	1717685007	157	160	317	160
Thu Jun 06 14:43:28 2024	1717685008	0	317	317	490
Thu Jun 06 14:43:27 2024	1717685007	157	161	317	161
Thu Jun 06 14:43:27 2024	1717685007	162	155	317	155
Thu Jun 06 14:43:27 2024	1717685007	157	161	318	161
Thu Jun 06 14:43:27 2024	1717685007	157	161	318	161
Thu Jun 06 14:43:27 2024	1717685007	147	170	318	170
Thu Jun 06 14:43:28 2024	1717685008	0	318	318	490
Thu Jun 06 14:43:28 2024	1717685008	0	318	318	490
Thu Jun 06 14:43:27 2024	1717685007	157	160	318	160
Thu Jun 06 14:43:28 2024	1717685008	0	318	318	490
Thu Jun 06 14:43:27 2024	1717685007	162	156	318	156
Thu Jun 06 14:43:27 2024	1717685007	162	156	318	156
Thu Jun 06 14:43:27 2024	1717685007	162	156	318	156
Thu Jun 06 14:43:27 2024	1717685007	162	156	318	156
Thu Jun 06 14:43:27 2024	1717685007	163	155	318	155
Thu Jun 06 14:43:27 2024	1717685007	148	170	318	170
Thu Jun 06 14:43:27 2024	1717685007	163	155	318	155
Thu Jun 06 14:43:27 2024	1717685007	162	156	318	156
Thu Jun 06 14:43:27 2024	1717685007	158	160	318	160
Thu Jun 06 14:43:27 2024	1717685007	148	170	318	170
Thu Jun 06 14:43:27 2024	1717685007	162	156	318	156
Thu Jun 06 14:43:27 2024	1717685007	148	170	318	170
Thu Jun 06 14:43:27 2024	1717685007	162	156	318	156
Thu Jun 06 14:43:27 2024	1717685007	148	170	318	170
Thu Jun 06 14:43:27 2024	1717685007	163	155	318	155
Thu Jun 06 14:43:27 2024	1717685007	148	170	318	170
Thu Jun 06 14:43:28 2024	1717685008	0	318	318	490
Thu Jun 06 14:43:28 2024	1717685008	0	318	318	1191
Thu Jun 06 14:43:27 2024	1717685007	162	156	318	156
Thu Jun 06 14:43:27 2024	1717685007	162	156	318	156
Thu Jun 06 14:43:27 2024	1717685007	162	156	318	156
Thu Jun 06 14:43:27 2024	1717685007	148	170	318	170
Thu Jun 06 14:43:27 2024	1717685007	162	156	318	156
Thu Jun 06 14:43:27 2024	1717685007	162	156	318	156
Thu Jun 06 14:43:27 2024	1717685007	162	156	318	156
Thu Jun 06 14:43:27 2024	1717685007	162	156	318	156
Thu Jun 06 14:43:27 2024	1717685007	162	156	318	156
Thu Jun 06 14:43:27 2024	1717685007	162	156	318	156
Thu Jun 06 14:43:27 2024	1717685007	148	170	318	170
Thu Jun 06 14:43:27 2024	1717685007	162	156	318	156
Thu Jun 06 14:43:27 2024	1717685007	148	171	318	171
Thu Jun 06 14:43:27 2024	1717685007	158	160	318	160
Thu Jun 06 14:43:27 2024	1717685007	148	170	318	170
Thu Jun 06 14:43:27 2024	1717685007	158	160	318	160
Thu Jun 06 14:43:27 2024	1717685007	148	170	318	170
Thu Jun 06 14:43:27 2024	1717685007	160	159	318	159
Thu Jun 06 14:43:27 2024	1717685007	160	159	318	159
Thu Jun 06 14:43:27 2024	1717685007	160	159	318	159
Thu Jun 06 14:43:27 2024	1717685007	160	159	318	159
Thu Jun 06 14:43:27 2024	1717685007	162	156	318	156
Thu Jun 06 14:43:27 2024	1717685007	159	159	318	159
Thu Jun 06 14:43:28 2024	1717685008	0	318	318	491
Thu Jun 06 14:43:27 2024	1717685007	159	159	318	159
Thu Jun 06 14:43:27 2024	1717685007	159	159	318	159
Thu Jun 06 14:43:27 2024	1717685007	159	159	318	159
Thu Jun 06 14:43:27 2024	1717685007	159	159	318	159
Thu Jun 06 14:43:27 2024	1717685007	159	159	318	159
Thu Jun 06 14:43:27 2024	1717685007	148	171	318	171
Thu Jun 06 14:43:27 2024	1717685007	148	171	318	171
Thu Jun 06 14:43:27 2024	1717685007	159	159	318	159
Thu Jun 06 14:43:27 2024	1717685007	148	171	318	171
Thu Jun 06 14:43:27 2024	1717685007	159	159	318	159
Thu Jun 06 14:43:27 2024	1717685007	148	171	318	171
Thu Jun 06 14:43:27 2024	1717685007	159	159	318	159
Thu Jun 06 14:43:27 2024	1717685007	161	157	318	157
Thu Jun 06 14:43:27 2024	1717685007	159	160	318	160
Thu Jun 06 14:43:27 2024	1717685007	158	160	318	160
Thu Jun 06 14:43:28 2024	1717685008	0	318	318	491
Thu Jun 06 14:43:26 2024	1717685006	100	219	318	219
Thu Jun 06 14:43:27 2024	1717685007	161	158	319	158
Thu Jun 06 14:43:27 2024	1717685007	148	170	319	170
Thu Jun 06 14:43:27 2024	1717685007	161	157	319	157
Thu Jun 06 14:43:27 2024	1717685007	162	157	319	157
Thu Jun 06 14:43:27 2024	1717685007	148	170	319	170
Thu Jun 06 14:43:27 2024	1717685007	162	157	319	157
Thu Jun 06 14:43:27 2024	1717685007	148	171	319	171
Thu Jun 06 14:43:27 2024	1717685007	162	157	319	157
Thu Jun 06 14:43:28 2024	1717685008	0	319	319	491
Thu Jun 06 14:43:27 2024	1717685007	162	157	319	157
Thu Jun 06 14:43:27 2024	1717685007	161	158	319	158
Thu Jun 06 14:43:27 2024	1717685007	161	157	319	157
Thu Jun 06 14:43:27 2024	1717685007	162	157	319	157
Thu Jun 06 14:43:27 2024	1717685007	148	170	319	170
Thu Jun 06 14:43:27 2024	1717685007	161	157	319	157
Thu Jun 06 14:43:27 2024	1717685007	163	155	319	155
Thu Jun 06 14:43:27 2024	1717685007	161	158	319	158
Thu Jun 06 14:43:27 2024	1717685007	157	162	319	162
Thu Jun 06 14:43:27 2024	1717685007	161	158	319	158
Thu Jun 06 14:43:27 2024	1717685007	162	157	319	157
Thu Jun 06 14:43:27 2024	1717685007	159	160	319	160
Thu Jun 06 14:43:27 2024	1717685007	156	163	319	163
Thu Jun 06 14:43:27 2024	1717685007	159	160	319	160
Thu Jun 06 14:43:27 2024	1717685007	159	160	319	160
Thu Jun 06 14:43:27 2024	1717685007	161	157	319	157
Thu Jun 06 14:43:26 2024	1717685006	100	219	319	219
Thu Jun 06 14:43:27 2024	1717685007	161	158	319	158
Thu Jun 06 14:43:27 2024	1717685007	161	158	319	158
Thu Jun 06 14:43:27 2024	1717685007	159	160	319	160
Thu Jun 06 14:43:27 2024	1717685007	161	158	319	158
Thu Jun 06 14:43:27 2024	1717685007	148	171	319	171
Thu Jun 06 14:43:27 2024	1717685007	161	158	319	158
Thu Jun 06 14:43:27 2024	1717685007	161	158	319	158
Thu Jun 06 14:43:28 2024	1717685008	0	319	319	491
Thu Jun 06 14:43:27 2024	1717685007	161	158	319	158
Thu Jun 06 14:43:27 2024	1717685007	161	158	319	158
Thu Jun 06 14:43:27 2024	1717685007	156	163	319	163
Thu Jun 06 14:43:27 2024	1717685007	161	158	319	158
Thu Jun 06 14:43:27 2024	1717685007	163	156	319	156
Thu Jun 06 14:43:27 2024	1717685007	149	170	319	170
Thu Jun 06 14:43:27 2024	1717685007	161	158	319	158
Thu Jun 06 14:43:26 2024	1717685006	100	219	319	219
Thu Jun 06 14:43:27 2024	1717685007	163	156	319	156
Thu Jun 06 14:43:27 2024	1717685007	161	158	319	158
Thu Jun 06 14:43:27 2024	1717685007	163	156	319	156
Thu Jun 06 14:43:27 2024	1717685007	163	156	319	156
Thu Jun 06 14:43:28 2024	1717685008	0	319	319	492
Thu Jun 06 14:43:27 2024	1717685007	163	156	319	156
Thu Jun 06 14:43:27 2024	1717685007	161	158	319	158
Thu Jun 06 14:43:27 2024	1717685007	156	163	319	163
Thu Jun 06 14:43:27 2024	1717685007	156	163	319	163
Thu Jun 06 14:43:27 2024	1717685007	156	163	319	163
Thu Jun 06 14:43:27 2024	1717685007	161	158	319	158
Thu Jun 06 14:43:26 2024	1717685006	100	219	319	219
Thu Jun 06 14:43:27 2024	1717685007	161	158	319	158
Thu Jun 06 14:43:28 2024	1717685008	0	319	319	492
Thu Jun 06 14:43:27 2024	1717685007	161	158	319	158
Thu Jun 06 14:43:27 2024	1717685007	161	158	319	158
Thu Jun 06 14:43:28 2024	1717685008	0	319	319	492
Thu Jun 06 14:43:27 2024	1717685007	161	158	319	158
Thu Jun 06 14:43:27 2024	1717685007	157	163	319	163
Thu Jun 06 14:43:27 2024	1717685007	157	163	319	163
Thu Jun 06 14:43:27 2024	1717685007	157	163	320	163
Thu Jun 06 14:43:27 2024	1717685007	157	163	320	163
Thu Jun 06 14:43:27 2024	1717685007	161	158	320	158
Thu Jun 06 14:43:28 2024	1717685008	0	320	320	492
Thu Jun 06 14:43:27 2024	1717685007	161	158	320	158
Thu Jun 06 14:43:27 2024	1717685007	159	161	320	161
Thu Jun 06 14:43:27 2024	1717685007	158	161	320	161
Thu Jun 06 14:43:27 2024	1717685007	162	158	320	158
Thu Jun 06 14:43:27 2024	1717685007	158	162	320	162
Thu Jun 06 14:43:27 2024	1717685007	162	158	320	158
Thu Jun 06 14:43:27 2024	1717685007	162	158	320	158
Thu Jun 06 14:43:27 2024	1717685007	161	158	320	158
Thu Jun 06 14:43:27 2024	1717685007	161	158	320	158
Thu Jun 06 14:43:27 2024	1717685007	158	162	320	162
Thu Jun 06 14:43:27 2024	1717685007	158	162	320	162
Thu Jun 06 14:43:27 2024	1717685007	158	162	320	162
Thu Jun 06 14:43:27 2024	1717685007	156	164	320	164
Thu Jun 06 14:43:27 2024	1717685007	161	158	320	158
Thu Jun 06 14:43:27 2024	1717685007	158	162	320	162
Thu Jun 06 14:43:27 2024	1717685007	149	171	320	171
Thu Jun 06 14:43:27 2024	1717685007	156	164	320	164
Thu Jun 06 14:43:27 2024	1717685007	156	163	320	163
Thu Jun 06 14:43:27 2024	1717685007	156	164	320	164
Thu Jun 06 14:43:28 2024	1717685008	0	320	320	492
Thu Jun 06 14:43:27 2024	1717685007	156	163	320	163
Thu Jun 06 14:43:27 2024	1717685007	159	161	320	161
Thu Jun 06 14:43:27 2024	1717685007	149	171	320	171
Thu Jun 06 14:43:27 2024	1717685007	158	162	320	162
Thu Jun 06 14:43:27 2024	1717685007	156	163	320	163
Thu Jun 06 14:43:27 2024	1717685007	149	171	320	171
Thu Jun 06 14:43:27 2024	1717685007	158	162	320	162
Thu Jun 06 14:43:27 2024	1717685007	156	163	320	163
Thu Jun 06 14:43:26 2024	1717685006	101	219	320	219
Thu Jun 06 14:43:28 2024	1717685008	0	320	320	493
Thu Jun 06 14:43:27 2024	1717685007	158	162	320	162
Thu Jun 06 14:43:27 2024	1717685007	161	159	320	159
Thu Jun 06 14:43:27 2024	1717685007	157	163	320	163
Thu Jun 06 14:43:27 2024	1717685007	156	164	320	164
Thu Jun 06 14:43:27 2024	1717685007	158	162	320	162
Thu Jun 06 14:43:27 2024	1717685007	157	164	320	164
Thu Jun 06 14:43:27 2024	1717685007	149	171	320	171
Thu Jun 06 14:43:27 2024	1717685007	161	159	320	159
Thu Jun 06 14:43:27 2024	1717685007	157	163	320	163
Thu Jun 06 14:43:26 2024	1717685006	103	217	320	217
Thu Jun 06 14:43:27 2024	1717685007	156	164	320	164
Thu Jun 06 14:43:27 2024	1717685007	149	171	320	171
Thu Jun 06 14:43:27 2024	1717685007	158	163	320	163
Thu Jun 06 14:43:27 2024	1717685007	157	163	320	163
Thu Jun 06 14:43:27 2024	1717685007	162	158	320	158
Thu Jun 06 14:43:27 2024	1717685007	159	162	320	162
Thu Jun 06 14:43:27 2024	1717685007	159	162	320	162
Thu Jun 06 14:43:27 2024	1717685007	159	161	320	161
Thu Jun 06 14:43:27 2024	1717685007	158	162	320	162
Thu Jun 06 14:43:27 2024	1717685007	158	162	320	162
Thu Jun 06 14:43:27 2024	1717685007	149	171	320	171
Thu Jun 06 14:43:27 2024	1717685007	149	171	320	171
Thu Jun 06 14:43:27 2024	1717685007	157	164	320	164
Thu Jun 06 14:43:27 2024	1717685007	157	164	320	164
Thu Jun 06 14:43:27 2024	1717685007	157	164	320	163
Thu Jun 06 14:43:27 2024	1717685007	149	171	320	171
Thu Jun 06 14:43:27 2024	1717685007	161	159	320	159
Thu Jun 06 14:43:27 2024	1717685007	157	164	320	164
Thu Jun 06 14:43:27 2024	1717685007	157	164	320	164
Thu Jun 06 14:43:27 2024	1717685007	157	163	320	163
Thu Jun 06 14:43:27 2024	1717685007	157	163	320	163
Thu Jun 06 14:43:27 2024	1717685007	156	164	320	164
Thu Jun 06 14:43:26 2024	1717685006	103	217	320	217
Thu Jun 06 14:43:27 2024	1717685007	157	164	320	164
Thu Jun 06 14:43:27 2024	1717685007	157	164	320	164
Thu Jun 06 14:43:27 2024	1717685007	157	164	320	164
Thu Jun 06 14:43:27 2024	1717685007	157	164	321	164
Thu Jun 06 14:43:27 2024	1717685007	157	164	321	164
Thu Jun 06 14:43:27 2024	1717685007	157	164	321	164
Thu Jun 06 14:43:27 2024	1717685007	156	164	321	164
Thu Jun 06 14:43:27 2024	1717685007	156	164	321	164
Thu Jun 06 14:43:27 2024	1717685007	149	172	321	172
Thu Jun 06 14:43:27 2024	1717685007	159	162	321	162
Thu Jun 06 14:43:26 2024	1717685006	104	217	321	217
Thu Jun 06 14:43:27 2024	1717685007	157	164	321	164
Thu Jun 06 14:43:27 2024	1717685007	149	172	321	172
Thu Jun 06 14:43:27 2024	1717685007	157	164	321	164
Thu Jun 06 14:43:27 2024	1717685007	149	172	321	172
Thu Jun 06 14:43:27 2024	1717685007	156	164	321	164
Thu Jun 06 14:43:27 2024	1717685007	149	171	321	171
Thu Jun 06 14:43:27 2024	1717685007	159	161	321	161
Thu Jun 06 14:43:27 2024	1717685007	159	162	321	162
Thu Jun 06 14:43:27 2024	1717685007	159	162	321	162
Thu Jun 06 14:43:27 2024	1717685007	159	161	321	161
Thu Jun 06 14:43:27 2024	1717685007	157	164	321	164
Thu Jun 06 14:43:27 2024	1717685007	156	164	321	164
Thu Jun 06 14:43:27 2024	1717685007	157	164	321	164
Thu Jun 06 14:43:27 2024	1717685007	157	164	321	164
Thu Jun 06 14:43:27 2024	1717685007	156	164	321	164
Thu Jun 06 14:43:27 2024	1717685007	157	164	321	164
Thu Jun 06 14:43:27 2024	1717685007	157	164	321	164
Thu Jun 06 14:43:27 2024	1717685007	156	164	321	164
Thu Jun 06 14:43:27 2024	1717685007	149	172	321	172
Thu Jun 06 14:43:27 2024	1717685007	160	161	321	161
Thu Jun 06 14:43:27 2024	1717685007	161	160	321	160
Thu Jun 06 14:43:27 2024	1717685007	157	164	321	164
Thu Jun 06 14:43:27 2024	1717685007	159	162	321	162
Thu Jun 06 14:43:26 2024	1717685006	104	217	321	217
Thu Jun 06 14:43:27 2024	1717685007	157	164	321	164
Thu Jun 06 14:43:27 2024	1717685007	161	160	321	160
Thu Jun 06 14:43:27 2024	1717685007	162	159	321	159
Thu Jun 06 14:43:27 2024	1717685007	157	164	321	164
Thu Jun 06 14:43:27 2024	1717685007	160	162	321	162
Thu Jun 06 14:43:27 2024	1717685007	159	162	321	162
Thu Jun 06 14:43:27 2024	1717685007	160	161	321	161
Thu Jun 06 14:43:27 2024	1717685007	157	164	321	164
Thu Jun 06 14:43:27 2024	1717685007	149	172	321	172
Thu Jun 06 14:43:27 2024	1717685007	149	172	321	172
Thu Jun 06 14:43:27 2024	1717685007	162	159	321	159
Thu Jun 06 14:43:27 2024	1717685007	160	162	321	161
Thu Jun 06 14:43:27 2024	1717685007	157	164	321	164
Thu Jun 06 14:43:27 2024	1717685007	160	161	321	161
Thu Jun 06 14:43:27 2024	1717685007	159	162	321	162
Thu Jun 06 14:43:26 2024	1717685006	104	217	321	217
Thu Jun 06 14:43:27 2024	1717685007	157	165	321	165
Thu Jun 06 14:43:27 2024	1717685007	157	165	321	165
Thu Jun 06 14:43:27 2024	1717685007	157	165	321	165
Thu Jun 06 14:43:27 2024	1717685007	163	159	321	159
Thu Jun 06 14:43:27 2024	1717685007	157	164	321	164
Thu Jun 06 14:43:27 2024	1717685007	157	164	321	164
Thu Jun 06 14:43:27 2024	1717685007	163	159	321	159
Thu Jun 06 14:43:27 2024	1717685007	163	159	321	159
Thu Jun 06 14:43:27 2024	1717685007	157	164	321	164
Thu Jun 06 14:43:27 2024	1717685007	163	159	321	159
Thu Jun 06 14:43:27 2024	1717685007	149	172	322	172
Thu Jun 06 14:43:27 2024	1717685007	157	164	322	164
Thu Jun 06 14:43:26 2024	1717685006	104	217	322	217
Thu Jun 06 14:43:27 2024	1717685007	150	172	322	172
Thu Jun 06 14:43:27 2024	1717685007	165	157	322	157
Thu Jun 06 14:43:27 2024	1717685007	165	157	322	157
Thu Jun 06 14:43:27 2024	1717685007	157	165	322	165
Thu Jun 06 14:43:27 2024	1717685007	157	164	322	164
Thu Jun 06 14:43:27 2024	1717685007	166	156	322	156
Thu Jun 06 14:43:27 2024	1717685007	150	172	322	172
Thu Jun 06 14:43:27 2024	1717685007	165	157	322	157
Thu Jun 06 14:43:27 2024	1717685007	150	172	322	172
Thu Jun 06 14:43:27 2024	1717685007	150	171	322	171
Thu Jun 06 14:43:27 2024	1717685007	150	172	322	172
Thu Jun 06 14:43:27 2024	1717685007	161	161	322	161
Thu Jun 06 14:43:26 2024	1717685006	105	217	322	217
Thu Jun 06 14:43:27 2024	1717685007	165	157	322	157
Thu Jun 06 14:43:27 2024	1717685007	160	162	322	162
Thu Jun 06 14:43:27 2024	1717685007	150	172	322	172
Thu Jun 06 14:43:27 2024	1717685007	160	162	322	162
Thu Jun 06 14:43:27 2024	1717685007	150	172	322	172
Thu Jun 06 14:43:27 2024	1717685007	165	157	322	157
Thu Jun 06 14:43:27 2024	1717685007	165	157	322	157
Thu Jun 06 14:43:26 2024	1717685006	105	217	322	217
Thu Jun 06 14:43:27 2024	1717685007	150	173	322	173
Thu Jun 06 14:43:27 2024	1717685007	150	172	322	172
Thu Jun 06 14:43:27 2024	1717685007	165	157	322	157
Thu Jun 06 14:43:27 2024	1717685007	151	171	322	171
Thu Jun 06 14:43:27 2024	1717685007	165	157	322	157
Thu Jun 06 14:43:27 2024	1717685007	150	172	322	172
Thu Jun 06 14:43:27 2024	1717685007	151	172	322	172
Thu Jun 06 14:43:26 2024	1717685006	107	215	322	215
Thu Jun 06 14:43:27 2024	1717685007	165	157	322	157
Thu Jun 06 14:43:27 2024	1717685007	165	157	322	157
Thu Jun 06 14:43:27 2024	1717685007	151	172	322	172
Thu Jun 06 14:43:27 2024	1717685007	159	163	322	163
Thu Jun 06 14:43:27 2024	1717685007	150	172	322	172
Thu Jun 06 14:43:27 2024	1717685007	150	172	322	172
Thu Jun 06 14:43:27 2024	1717685007	166	157	323	157
Thu Jun 06 14:43:27 2024	1717685007	151	172	323	172
Thu Jun 06 14:43:26 2024	1717685006	107	215	323	215
Thu Jun 06 14:43:27 2024	1717685007	151	172	323	172
Thu Jun 06 14:43:27 2024	1717685007	151	172	323	172
Thu Jun 06 14:43:27 2024	1717685007	161	161	323	161
Thu Jun 06 14:43:27 2024	1717685007	151	172	323	172
Thu Jun 06 14:43:28 2024	1717685008	0	323	323	495
Thu Jun 06 14:43:28 2024	1717685008	0	323	323	495
Thu Jun 06 14:43:27 2024	1717685007	151	172	323	172
Thu Jun 06 14:43:27 2024	1717685007	162	161	323	161
Thu Jun 06 14:43:28 2024	1717685008	0	323	323	495
Thu Jun 06 14:43:27 2024	1717685007	164	159	323	159
Thu Jun 06 14:43:27 2024	1717685007	164	159	323	159
Thu Jun 06 14:43:27 2024	1717685007	151	172	323	172
Thu Jun 06 14:43:27 2024	1717685007	151	172	323	172
Thu Jun 06 14:43:27 2024	1717685007	151	172	323	172
Thu Jun 06 14:43:28 2024	1717685008	0	323	323	496
Thu Jun 06 14:43:27 2024	1717685007	162	161	323	161
Thu Jun 06 14:43:26 2024	1717685006	107	216	323	216
Thu Jun 06 14:43:27 2024	1717685007	162	161	323	161
Thu Jun 06 14:43:27 2024	1717685007	162	161	323	161
Thu Jun 06 14:43:26 2024	1717685006	108	216	324	216
Thu Jun 06 14:43:27 2024	1717685007	162	161	324	161
Thu Jun 06 14:43:27 2024	1717685007	151	173	324	173
Thu Jun 06 14:43:27 2024	1717685007	151	172	324	172
Thu Jun 06 14:43:27 2024	1717685007	162	161	324	161
Thu Jun 06 14:43:27 2024	1717685007	151	172	324	172
Thu Jun 06 14:43:27 2024	1717685007	162	161	324	161
Thu Jun 06 14:43:28 2024	1717685008	0	324	324	496
Thu Jun 06 14:43:27 2024	1717685007	165	159	324	159
Thu Jun 06 14:43:28 2024	1717685008	0	324	324	1196
Thu Jun 06 14:43:27 2024	1717685007	163	161	324	161
Thu Jun 06 14:43:27 2024	1717685007	168	156	324	156
Thu Jun 06 14:43:27 2024	1717685007	152	172	324	172
Thu Jun 06 14:43:27 2024	1717685007	152	172	324	172
Thu Jun 06 14:43:27 2024	1717685007	152	172	324	172
Thu Jun 06 14:43:28 2024	1717685008	0	324	324	497
Thu Jun 06 14:43:28 2024	1717685008	0	324	324	1197
Thu Jun 06 14:43:27 2024	1717685007	163	161	324	161
Thu Jun 06 14:43:26 2024	1717685006	108	216	324	216
Thu Jun 06 14:43:27 2024	1717685007	151	173	324	173
Thu Jun 06 14:43:27 2024	1717685007	151	173	324	173
Thu Jun 06 14:43:27 2024	1717685007	152	172	324	172
Thu Jun 06 14:43:27 2024	1717685007	163	161	324	161
Thu Jun 06 14:43:27 2024	1717685007	152	173	324	173
Thu Jun 06 14:43:27 2024	1717685007	151	173	324	173
Thu Jun 06 14:43:27 2024	1717685007	152	172	324	172
Thu Jun 06 14:43:27 2024	1717685007	152	172	324	172
Thu Jun 06 14:43:27 2024	1717685007	152	172	324	172
Thu Jun 06 14:43:27 2024	1717685007	152	172	324	172
Thu Jun 06 14:43:28 2024	1717685008	0	324	324	497
Thu Jun 06 14:43:27 2024	1717685007	152	172	324	172
Thu Jun 06 14:43:27 2024	1717685007	152	172	324	172
Thu Jun 06 14:43:28 2024	1717685008	0	324	324	1197
Thu Jun 06 14:43:27 2024	1717685007	168	156	324	156
Thu Jun 06 14:43:27 2024	1717685007	152	172	324	172
Thu Jun 06 14:43:27 2024	1717685007	152	172	324	172
Thu Jun 06 14:43:27 2024	1717685007	152	172	324	172
Thu Jun 06 14:43:27 2024	1717685007	168	156	324	156
Thu Jun 06 14:43:27 2024	1717685007	152	173	324	173
Thu Jun 06 14:43:28 2024	1717685008	0	324	324	497
Thu Jun 06 14:43:27 2024	1717685007	152	172	324	172
Thu Jun 06 14:43:27 2024	1717685007	152	172	324	172
Thu Jun 06 14:43:28 2024	1717685008	0	324	324	1197
Thu Jun 06 14:43:27 2024	1717685007	168	157	324	157
Thu Jun 06 14:43:27 2024	1717685007	152	172	324	172
Thu Jun 06 14:43:27 2024	1717685007	152	172	325	172
Thu Jun 06 14:43:26 2024	1717685006	110	214	325	214
Thu Jun 06 14:43:26 2024	1717685006	108	216	325	216
Thu Jun 06 14:43:27 2024	1717685007	168	156	325	156
Thu Jun 06 14:43:27 2024	1717685007	168	156	325	156
Thu Jun 06 14:43:27 2024	1717685007	166	159	325	159
Thu Jun 06 14:43:27 2024	1717685007	168	156	325	156
Thu Jun 06 14:43:27 2024	1717685007	153	172	325	172
Thu Jun 06 14:43:26 2024	1717685006	111	214	325	214
Thu Jun 06 14:43:28 2024	1717685008	0	325	325	1197
Thu Jun 06 14:43:28 2024	1717685008	0	325	325	497
Thu Jun 06 14:43:27 2024	1717685007	168	156	325	156
Thu Jun 06 14:43:27 2024	1717685007	153	172	325	172
Thu Jun 06 14:43:27 2024	1717685007	153	172	325	172
Thu Jun 06 14:43:27 2024	1717685007	152	173	325	173
Thu Jun 06 14:43:27 2024	1717685007	168	157	325	157
Thu Jun 06 14:43:27 2024	1717685007	153	172	325	172
Thu Jun 06 14:43:27 2024	1717685007	153	172	325	172
Thu Jun 06 14:43:27 2024	1717685007	169	156	325	156
Thu Jun 06 14:43:27 2024	1717685007	169	156	325	156
Thu Jun 06 14:43:27 2024	1717685007	168	157	325	157
Thu Jun 06 14:43:27 2024	1717685007	152	173	325	173
Thu Jun 06 14:43:28 2024	1717685008	0	325	325	497
Thu Jun 06 14:43:28 2024	1717685008	0	325	325	497
Thu Jun 06 14:43:27 2024	1717685007	152	173	325	173
Thu Jun 06 14:43:27 2024	1717685007	153	172	325	172
Thu Jun 06 14:43:27 2024	1717685007	153	173	325	173
Thu Jun 06 14:43:27 2024	1717685007	153	172	325	172
Thu Jun 06 14:43:27 2024	1717685007	169	156	325	156
Thu Jun 06 14:43:27 2024	1717685007	169	156	325	156
Thu Jun 06 14:43:27 2024	1717685007	169	157	325	157
Thu Jun 06 14:43:27 2024	1717685007	153	172	325	172
Thu Jun 06 14:43:27 2024	1717685007	169	157	325	157
Thu Jun 06 14:43:27 2024	1717685007	153	172	325	172
Thu Jun 06 14:43:27 2024	1717685007	169	156	325	156
Thu Jun 06 14:43:28 2024	1717685008	0	325	325	498
Thu Jun 06 14:43:27 2024	1717685007	169	156	325	156
Thu Jun 06 14:43:28 2024	1717685008	0	325	325	497
Thu Jun 06 14:43:27 2024	1717685007	169	156	325	156
Thu Jun 06 14:43:27 2024	1717685007	169	157	325	157
Thu Jun 06 14:43:27 2024	1717685007	169	156	325	156
Thu Jun 06 14:43:27 2024	1717685007	153	172	325	172
Thu Jun 06 14:43:27 2024	1717685007	170	156	325	156
Thu Jun 06 14:43:27 2024	1717685007	169	156	325	156
Thu Jun 06 14:43:26 2024	1717685006	111	214	325	214
Thu Jun 06 14:43:27 2024	1717685007	153	172	325	172
Thu Jun 06 14:43:27 2024	1717685007	170	156	325	156
Thu Jun 06 14:43:28 2024	1717685008	0	325	325	498
Thu Jun 06 14:43:27 2024	1717685007	169	156	325	156
Thu Jun 06 14:43:28 2024	1717685008	0	325	325	499
Thu Jun 06 14:43:27 2024	1717685007	169	156	325	156
Thu Jun 06 14:43:27 2024	1717685007	153	173	326	173
Thu Jun 06 14:43:27 2024	1717685007	153	172	326	172
Thu Jun 06 14:43:27 2024	1717685007	169	157	326	157
Thu Jun 06 14:43:26 2024	1717685006	111	215	326	215
Thu Jun 06 14:43:27 2024	1717685007	153	172	326	172
Thu Jun 06 14:43:27 2024	1717685007	153	173	326	173
Thu Jun 06 14:43:27 2024	1717685007	169	157	326	157
Thu Jun 06 14:43:27 2024	1717685007	169	157	326	157
Thu Jun 06 14:43:27 2024	1717685007	153	172	326	172
Thu Jun 06 14:43:27 2024	1717685007	154	172	326	172
Thu Jun 06 14:43:27 2024	1717685007	153	173	326	173
Thu Jun 06 14:43:28 2024	1717685008	0	326	326	498
Thu Jun 06 14:43:27 2024	1717685007	169	157	326	157
Thu Jun 06 14:43:27 2024	1717685007	154	172	326	172
Thu Jun 06 14:43:27 2024	1717685007	154	172	326	172
Thu Jun 06 14:43:26 2024	1717685006	111	215	326	215
Thu Jun 06 14:43:27 2024	1717685007	169	157	326	157
Thu Jun 06 14:43:27 2024	1717685007	169	157	326	157
Thu Jun 06 14:43:28 2024	1717685008	0	326	326	498
Thu Jun 06 14:43:27 2024	1717685007	154	172	326	172
Thu Jun 06 14:43:26 2024	1717685006	112	215	326	215
Thu Jun 06 14:43:28 2024	1717685008	0	326	326	498
Thu Jun 06 14:43:27 2024	1717685007	170	157	326	157
Thu Jun 06 14:43:27 2024	1717685007	154	173	326	173
Thu Jun 06 14:43:27 2024	1717685007	170	156	326	156
Thu Jun 06 14:43:27 2024	1717685007	154	173	326	173
Thu Jun 06 14:43:27 2024	1717685007	170	156	326	156
Thu Jun 06 14:43:27 2024	1717685007	153	173	326	173
Thu Jun 06 14:43:27 2024	1717685007	154	173	326	173
Thu Jun 06 14:43:28 2024	1717685008	0	326	326	499
Thu Jun 06 14:43:27 2024	1717685007	154	173	326	173
Thu Jun 06 14:43:27 2024	1717685007	167	159	326	159
Thu Jun 06 14:43:26 2024	1717685006	112	215	326	215
Thu Jun 06 14:43:27 2024	1717685007	154	173	326	173
Thu Jun 06 14:43:27 2024	1717685007	167	159	326	159
Thu Jun 06 14:43:27 2024	1717685007	154	173	326	172
Thu Jun 06 14:43:27 2024	1717685007	157	170	326	170
Thu Jun 06 14:43:27 2024	1717685007	167	159	327	159
Thu Jun 06 14:43:27 2024	1717685007	168	159	327	159
Thu Jun 06 14:43:27 2024	1717685007	157	170	327	170
Thu Jun 06 14:43:28 2024	1717685008	0	327	327	499
Thu Jun 06 14:43:27 2024	1717685007	157	170	327	170
Thu Jun 06 14:43:27 2024	1717685007	167	159	327	159
Thu Jun 06 14:43:27 2024	1717685007	157	170	327	170
Thu Jun 06 14:43:27 2024	1717685007	168	159	327	159
Thu Jun 06 14:43:27 2024	1717685007	167	159	327	159
Thu Jun 06 14:43:27 2024	1717685007	157	170	327	170
Thu Jun 06 14:43:26 2024	1717685006	114	213	327	212
Thu Jun 06 14:43:28 2024	1717685008	0	327	327	500
Thu Jun 06 14:43:27 2024	1717685007	170	156	327	156
Thu Jun 06 14:43:27 2024	1717685007	168	159	327	159
Thu Jun 06 14:43:27 2024	1717685007	157	170	327	170
Thu Jun 06 14:43:27 2024	1717685007	154	173	327	173
Thu Jun 06 14:43:27 2024	1717685007	170	156	327	156
Thu Jun 06 14:43:27 2024	1717685007	157	170	327	170
Thu Jun 06 14:43:27 2024	1717685007	170	157	327	157
Thu Jun 06 14:43:27 2024	1717685007	170	157	327	157
Thu Jun 06 14:43:27 2024	1717685007	170	156	327	156
Thu Jun 06 14:43:27 2024	1717685007	157	169	327	169
Thu Jun 06 14:43:27 2024	1717685007	157	169	327	169
Thu Jun 06 14:43:27 2024	1717685007	170	157	327	157
Thu Jun 06 14:43:27 2024	1717685007	170	157	327	157
Thu Jun 06 14:43:27 2024	1717685007	154	173	327	173
Thu Jun 06 14:43:28 2024	1717685008	0	327	327	499
Thu Jun 06 14:43:27 2024	1717685007	154	173	327	173
Thu Jun 06 14:43:27 2024	1717685007	158	169	327	169
Thu Jun 06 14:43:27 2024	1717685007	167	159	327	159
Thu Jun 06 14:43:27 2024	1717685007	154	172	327	172
Thu Jun 06 14:43:27 2024	1717685007	167	159	327	159
Thu Jun 06 14:43:27 2024	1717685007	168	159	327	159
Thu Jun 06 14:43:27 2024	1717685007	167	159	327	159
Thu Jun 06 14:43:27 2024	1717685007	170	157	327	157
Thu Jun 06 14:43:26 2024	1717685006	114	213	327	213
Thu Jun 06 14:43:27 2024	1717685007	158	169	327	169
Thu Jun 06 14:43:27 2024	1717685007	170	157	327	157
Thu Jun 06 14:43:27 2024	1717685007	170	157	327	157
Thu Jun 06 14:43:27 2024	1717685007	158	169	327	169
Thu Jun 06 14:43:27 2024	1717685007	158	169	327	169
Thu Jun 06 14:43:27 2024	1717685007	170	157	327	157
Thu Jun 06 14:43:27 2024	1717685007	158	169	327	169
Thu Jun 06 14:43:27 2024	1717685007	170	157	327	157
Thu Jun 06 14:43:27 2024	1717685007	158	169	327	169
Thu Jun 06 14:43:27 2024	1717685007	158	169	327	169
Thu Jun 06 14:43:27 2024	1717685007	158	169	327	169
Thu Jun 06 14:43:28 2024	1717685008	0	327	327	499
Thu Jun 06 14:43:27 2024	1717685007	170	157	327	157
Thu Jun 06 14:43:27 2024	1717685007	168	159	327	159
Thu Jun 06 14:43:27 2024	1717685007	170	157	327	157
Thu Jun 06 14:43:27 2024	1717685007	170	157	327	157
Thu Jun 06 14:43:27 2024	1717685007	170	157	327	157
Thu Jun 06 14:43:27 2024	1717685007	170	157	327	157
Thu Jun 06 14:43:27 2024	1717685007	170	157	327	157
Thu Jun 06 14:43:27 2024	1717685007	170	157	327	157
Thu Jun 06 14:43:27 2024	1717685007	167	160	327	160
Thu Jun 06 14:43:27 2024	1717685007	170	157	327	157
Thu Jun 06 14:43:27 2024	1717685007	170	157	327	157
Thu Jun 06 14:43:27 2024	1717685007	170	157	327	157
Thu Jun 06 14:43:27 2024	1717685007	155	172	327	172
Thu Jun 06 14:43:27 2024	1717685007	158	169	327	169
Thu Jun 06 14:43:27 2024	1717685007	155	172	327	172
Thu Jun 06 14:43:27 2024	1717685007	168	159	327	159
Thu Jun 06 14:43:26 2024	1717685006	115	213	327	213
Thu Jun 06 14:43:27 2024	1717685007	168	160	327	160
Thu Jun 06 14:43:27 2024	1717685007	155	172	327	172
Thu Jun 06 14:43:27 2024	1717685007	168	160	327	160
Thu Jun 06 14:43:27 2024	1717685007	167	160	327	160
Thu Jun 06 14:43:27 2024	1717685007	155	172	327	172
Thu Jun 06 14:43:27 2024	1717685007	167	160	327	160
Thu Jun 06 14:43:27 2024	1717685007	155	172	327	172
Thu Jun 06 14:43:27 2024	1717685007	167	160	327	160
Thu Jun 06 14:43:27 2024	1717685007	168	159	327	159
Thu Jun 06 14:43:27 2024	1717685007	167	160	327	160
Thu Jun 06 14:43:27 2024	1717685007	167	160	327	160
Thu Jun 06 14:43:27 2024	1717685007	166	161	327	161
Thu Jun 06 14:43:27 2024	1717685007	166	161	327	161
Thu Jun 06 14:43:27 2024	1717685007	167	160	327	160
Thu Jun 06 14:43:27 2024	1717685007	155	172	327	172
Thu Jun 06 14:43:27 2024	1717685007	166	162	327	162
Thu Jun 06 14:43:27 2024	1717685007	166	161	327	161
Thu Jun 06 14:43:27 2024	1717685007	166	161	327	161
Thu Jun 06 14:43:27 2024	1717685007	167	160	327	160
Thu Jun 06 14:43:27 2024	1717685007	166	162	327	162
Thu Jun 06 14:43:27 2024	1717685007	166	161	327	161
Thu Jun 06 14:43:27 2024	1717685007	167	160	327	160
Thu Jun 06 14:43:27 2024	1717685007	166	161	327	161
Thu Jun 06 14:43:27 2024	1717685007	167	160	327	160
Thu Jun 06 14:43:27 2024	1717685007	155	172	327	172
Thu Jun 06 14:43:27 2024	1717685007	167	160	327	160
Thu Jun 06 14:43:27 2024	1717685007	168	159	327	159
Thu Jun 06 14:43:27 2024	1717685007	167	160	327	160
Thu Jun 06 14:43:27 2024	1717685007	165	162	327	162
Thu Jun 06 14:43:27 2024	1717685007	170	158	327	158
Thu Jun 06 14:43:27 2024	1717685007	170	158	327	158
Thu Jun 06 14:43:27 2024	1717685007	167	160	327	160
Thu Jun 06 14:43:27 2024	1717685007	167	161	327	161
Thu Jun 06 14:43:26 2024	1717685006	115	213	327	213
Thu Jun 06 14:43:27 2024	1717685007	166	161	327	161
Thu Jun 06 14:43:27 2024	1717685007	166	161	327	161
Thu Jun 06 14:43:27 2024	1717685007	155	172	327	172
Thu Jun 06 14:43:27 2024	1717685007	166	161	327	161
Thu Jun 06 14:43:27 2024	1717685007	155	173	327	173
Thu Jun 06 14:43:27 2024	1717685007	167	161	327	161
Thu Jun 06 14:43:27 2024	1717685007	167	161	327	161
Thu Jun 06 14:43:27 2024	1717685007	167	161	327	161
Thu Jun 06 14:43:27 2024	1717685007	167	161	327	161
Thu Jun 06 14:43:27 2024	1717685007	167	161	327	161
Thu Jun 06 14:43:27 2024	1717685007	167	161	327	161
Thu Jun 06 14:43:27 2024	1717685007	155	172	327	172
Thu Jun 06 14:43:27 2024	1717685007	155	172	327	172
Thu Jun 06 14:43:27 2024	1717685007	167	161	327	161
Thu Jun 06 14:43:27 2024	1717685007	167	161	328	161
Thu Jun 06 14:43:27 2024	1717685007	166	162	328	162
Thu Jun 06 14:43:27 2024	1717685007	166	162	328	162
Thu Jun 06 14:43:27 2024	1717685007	156	172	328	172
Thu Jun 06 14:43:28 2024	1717685008	0	328	328	500
Thu Jun 06 14:43:27 2024	1717685007	168	160	328	160
Thu Jun 06 14:43:27 2024	1717685007	170	158	328	158
Thu Jun 06 14:43:27 2024	1717685007	170	158	328	158
Thu Jun 06 14:43:27 2024	1717685007	170	158	328	158
Thu Jun 06 14:43:27 2024	1717685007	165	162	328	162
Thu Jun 06 14:43:27 2024	1717685007	169	159	328	159
Thu Jun 06 14:43:27 2024	1717685007	165	162	328	162
Thu Jun 06 14:43:28 2024	1717685008	0	328	328	500
Thu Jun 06 14:43:27 2024	1717685007	166	162	328	162
Thu Jun 06 14:43:27 2024	1717685007	165	162	328	162
Thu Jun 06 14:43:27 2024	1717685007	165	163	328	162
Thu Jun 06 14:43:27 2024	1717685007	166	162	328	162
Thu Jun 06 14:43:27 2024	1717685007	165	163	328	163
Thu Jun 06 14:43:27 2024	1717685007	158	169	328	169
Thu Jun 06 14:43:27 2024	1717685007	169	158	328	158
Thu Jun 06 14:43:27 2024	1717685007	169	159	328	159
Thu Jun 06 14:43:27 2024	1717685007	159	169	328	169
Thu Jun 06 14:43:27 2024	1717685007	165	163	328	163
Thu Jun 06 14:43:27 2024	1717685007	165	163	328	163
Thu Jun 06 14:43:27 2024	1717685007	165	163	328	163
Thu Jun 06 14:43:27 2024	1717685007	169	159	328	159
Thu Jun 06 14:43:27 2024	1717685007	168	160	328	160
Thu Jun 06 14:43:27 2024	1717685007	169	159	328	159
Thu Jun 06 14:43:27 2024	1717685007	159	169	328	169
Thu Jun 06 14:43:27 2024	1717685007	162	166	328	166
Thu Jun 06 14:43:28 2024	1717685008	0	328	328	500
Thu Jun 06 14:43:27 2024	1717685007	163	165	328	165
Thu Jun 06 14:43:27 2024	1717685007	156	172	328	172
Thu Jun 06 14:43:27 2024	1717685007	163	165	328	165
Thu Jun 06 14:43:27 2024	1717685007	159	169	328	169
Thu Jun 06 14:43:27 2024	1717685007	168	160	328	160
Thu Jun 06 14:43:27 2024	1717685007	159	169	328	169
Thu Jun 06 14:43:27 2024	1717685007	169	159	328	159
Thu Jun 06 14:43:27 2024	1717685007	169	159	328	159
Thu Jun 06 14:43:27 2024	1717685007	169	159	328	159
Thu Jun 06 14:43:27 2024	1717685007	159	169	328	169
Thu Jun 06 14:43:27 2024	1717685007	159	169	328	169
Thu Jun 06 14:43:27 2024	1717685007	156	172	328	172
Thu Jun 06 14:43:28 2024	1717685008	0	328	328	500
Thu Jun 06 14:43:27 2024	1717685007	169	159	328	159
Thu Jun 06 14:43:27 2024	1717685007	159	169	328	169
Thu Jun 06 14:43:27 2024	1717685007	169	159	328	159
Thu Jun 06 14:43:27 2024	1717685007	159	169	328	169
Thu Jun 06 14:43:27 2024	1717685007	159	169	328	169
Thu Jun 06 14:43:27 2024	1717685007	156	172	328	172
Thu Jun 06 14:43:27 2024	1717685007	166	162	328	162
Thu Jun 06 14:43:27 2024	1717685007	159	169	328	169
Thu Jun 06 14:43:27 2024	1717685007	156	172	328	172
Thu Jun 06 14:43:27 2024	1717685007	160	169	328	169
Thu Jun 06 14:43:27 2024	1717685007	162	166	328	166
Thu Jun 06 14:43:27 2024	1717685007	160	169	328	169
Thu Jun 06 14:43:27 2024	1717685007	166	162	328	162
Thu Jun 06 14:43:27 2024	1717685007	162	166	328	166
Thu Jun 06 14:43:27 2024	1717685007	160	169	328	169
Thu Jun 06 14:43:27 2024	1717685007	162	166	328	166
Thu Jun 06 14:43:27 2024	1717685007	156	172	328	172
Thu Jun 06 14:43:27 2024	1717685007	166	162	328	162
Thu Jun 06 14:43:27 2024	1717685007	169	159	328	159
Thu Jun 06 14:43:27 2024	1717685007	166	162	328	162
Thu Jun 06 14:43:27 2024	1717685007	159	170	328	170
Thu Jun 06 14:43:27 2024	1717685007	162	166	328	166
Thu Jun 06 14:43:27 2024	1717685007	162	166	328	166
Thu Jun 06 14:43:27 2024	1717685007	160	169	328	169
Thu Jun 06 14:43:27 2024	1717685007	164	165	328	165
Thu Jun 06 14:43:27 2024	1717685007	166	162	328	162
Thu Jun 06 14:43:27 2024	1717685007	169	159	328	159
Thu Jun 06 14:43:27 2024	1717685007	156	172	328	172
Thu Jun 06 14:43:27 2024	1717685007	162	166	328	166
Thu Jun 06 14:43:27 2024	1717685007	169	159	328	159
Thu Jun 06 14:43:27 2024	1717685007	160	169	328	169
Thu Jun 06 14:43:27 2024	1717685007	169	159	328	159
Thu Jun 06 14:43:27 2024	1717685007	159	170	328	170
Thu Jun 06 14:43:27 2024	1717685007	169	159	328	159
Thu Jun 06 14:43:27 2024	1717685007	160	169	328	169
Thu Jun 06 14:43:28 2024	1717685008	0	328	328	501
Thu Jun 06 14:43:27 2024	1717685007	160	169	328	169
Thu Jun 06 14:43:27 2024	1717685007	169	160	328	160
Thu Jun 06 14:43:27 2024	1717685007	169	159	328	159
Thu Jun 06 14:43:27 2024	1717685007	168	160	328	160
Thu Jun 06 14:43:27 2024	1717685007	160	168	328	168
Thu Jun 06 14:43:28 2024	1717685008	0	328	328	501
Thu Jun 06 14:43:27 2024	1717685007	160	168	328	168
Thu Jun 06 14:43:27 2024	1717685007	161	167	328	167
Thu Jun 06 14:43:27 2024	1717685007	156	172	328	172
Thu Jun 06 14:43:27 2024	1717685007	161	167	328	167
Thu Jun 06 14:43:27 2024	1717685007	160	168	328	168
Thu Jun 06 14:43:27 2024	1717685007	164	165	328	165
Thu Jun 06 14:43:27 2024	1717685007	164	165	328	165
Thu Jun 06 14:43:27 2024	1717685007	163	166	328	166
Thu Jun 06 14:43:27 2024	1717685007	156	172	328	172
Thu Jun 06 14:43:27 2024	1717685007	159	169	328	169
Thu Jun 06 14:43:27 2024	1717685007	163	165	328	165
Thu Jun 06 14:43:27 2024	1717685007	163	166	328	166
Thu Jun 06 14:43:27 2024	1717685007	163	166	328	166
Thu Jun 06 14:43:27 2024	1717685007	163	165	328	165
Thu Jun 06 14:43:27 2024	1717685007	163	165	328	165
Thu Jun 06 14:43:27 2024	1717685007	160	168	328	168
Thu Jun 06 14:43:27 2024	1717685007	163	165	328	165
Thu Jun 06 14:43:27 2024	1717685007	163	165	328	165
Thu Jun 06 14:43:27 2024	1717685007	160	168	328	168
Thu Jun 06 14:43:27 2024	1717685007	163	165	328	165
Thu Jun 06 14:43:27 2024	1717685007	163	165	328	165
Thu Jun 06 14:43:27 2024	1717685007	163	165	328	165
Thu Jun 06 14:43:27 2024	1717685007	159	169	328	169
Thu Jun 06 14:43:28 2024	1717685008	0	328	328	501
Thu Jun 06 14:43:27 2024	1717685007	163	166	328	165
Thu Jun 06 14:43:27 2024	1717685007	159	169	328	169
Thu Jun 06 14:43:27 2024	1717685007	160	168	328	168
Thu Jun 06 14:43:27 2024	1717685007	160	168	328	168
Thu Jun 06 14:43:27 2024	1717685007	159	169	328	169
Thu Jun 06 14:43:27 2024	1717685007	164	164	328	164
Thu Jun 06 14:43:27 2024	1717685007	160	168	328	168
Thu Jun 06 14:43:28 2024	1717685008	0	328	328	501
Thu Jun 06 14:43:27 2024	1717685007	160	168	328	168
Thu Jun 06 14:43:27 2024	1717685007	169	159	328	159
Thu Jun 06 14:43:27 2024	1717685007	160	168	328	168
Thu Jun 06 14:43:27 2024	1717685007	160	168	329	168
Thu Jun 06 14:43:27 2024	1717685007	159	169	329	169
Thu Jun 06 14:43:27 2024	1717685007	164	164	329	164
Thu Jun 06 14:43:27 2024	1717685007	168	160	329	160
Thu Jun 06 14:43:27 2024	1717685007	164	164	329	164
Thu Jun 06 14:43:27 2024	1717685007	162	167	329	167
Thu Jun 06 14:43:27 2024	1717685007	164	164	329	164
Thu Jun 06 14:43:27 2024	1717685007	164	164	329	164
Thu Jun 06 14:43:27 2024	1717685007	164	164	329	164
Thu Jun 06 14:43:26 2024	1717685006	115	213	329	213
Thu Jun 06 14:43:27 2024	1717685007	164	164	329	164
Thu Jun 06 14:43:27 2024	1717685007	162	167	329	167
Thu Jun 06 14:43:27 2024	1717685007	156	172	329	172
Thu Jun 06 14:43:27 2024	1717685007	164	164	329	164
Thu Jun 06 14:43:27 2024	1717685007	162	167	329	167
Thu Jun 06 14:43:27 2024	1717685007	166	163	329	163
Thu Jun 06 14:43:27 2024	1717685007	162	167	329	167
Thu Jun 06 14:43:27 2024	1717685007	162	167	329	167
Thu Jun 06 14:43:27 2024	1717685007	166	162	329	162
Thu Jun 06 14:43:27 2024	1717685007	165	164	329	164
Thu Jun 06 14:43:27 2024	1717685007	162	167	329	167
Thu Jun 06 14:43:27 2024	1717685007	156	172	329	172
Thu Jun 06 14:43:27 2024	1717685007	162	167	329	167
Thu Jun 06 14:43:27 2024	1717685007	166	162	329	162
Thu Jun 06 14:43:27 2024	1717685007	162	167	329	167
Thu Jun 06 14:43:27 2024	1717685007	162	167	329	167
Thu Jun 06 14:43:27 2024	1717685007	166	163	329	163
Thu Jun 06 14:43:27 2024	1717685007	165	163	329	163
Thu Jun 06 14:43:27 2024	1717685007	165	163	329	163
Thu Jun 06 14:43:27 2024	1717685007	165	163	329	163
Thu Jun 06 14:43:27 2024	1717685007	165	163	329	163
Thu Jun 06 14:43:27 2024	1717685007	165	163	329	163
Thu Jun 06 14:43:27 2024	1717685007	156	172	329	172
Thu Jun 06 14:43:28 2024	1717685008	0	329	329	501
Thu Jun 06 14:43:28 2024	1717685008	0	329	329	501
Thu Jun 06 14:43:27 2024	1717685007	169	159	329	159
Thu Jun 06 14:43:27 2024	1717685007	165	164	329	164
Thu Jun 06 14:43:27 2024	1717685007	169	159	329	159
Thu Jun 06 14:43:27 2024	1717685007	165	164	329	164
Thu Jun 06 14:43:27 2024	1717685007	165	164	329	164
Thu Jun 06 14:43:27 2024	1717685007	169	160	329	160
Thu Jun 06 14:43:27 2024	1717685007	157	172	329	172
Thu Jun 06 14:43:27 2024	1717685007	161	168	329	168
Thu Jun 06 14:43:27 2024	1717685007	161	168	329	168
Thu Jun 06 14:43:27 2024	1717685007	161	168	329	168
Thu Jun 06 14:43:27 2024	1717685007	161	167	329	167
Thu Jun 06 14:43:27 2024	1717685007	161	167	329	167
Thu Jun 06 14:43:27 2024	1717685007	169	160	329	160
Thu Jun 06 14:43:27 2024	1717685007	161	167	329	167
Thu Jun 06 14:43:27 2024	1717685007	161	168	329	168
Thu Jun 06 14:43:27 2024	1717685007	162	167	329	167
Thu Jun 06 14:43:27 2024	1717685007	169	160	329	160
Thu Jun 06 14:43:27 2024	1717685007	169	160	329	160
Thu Jun 06 14:43:27 2024	1717685007	169	160	329	160
Thu Jun 06 14:43:27 2024	1717685007	161	168	329	168
Thu Jun 06 14:43:27 2024	1717685007	165	164	329	164
Thu Jun 06 14:43:27 2024	1717685007	165	164	329	164
Thu Jun 06 14:43:27 2024	1717685007	165	164	329	164
Thu Jun 06 14:43:27 2024	1717685007	169	160	329	160
Thu Jun 06 14:43:27 2024	1717685007	169	160	329	160
Thu Jun 06 14:43:27 2024	1717685007	165	164	329	164
Thu Jun 06 14:43:27 2024	1717685007	157	172	329	172
Thu Jun 06 14:43:27 2024	1717685007	165	164	329	164
Thu Jun 06 14:43:27 2024	1717685007	168	161	329	161
Thu Jun 06 14:43:27 2024	1717685007	165	164	329	164
Thu Jun 06 14:43:27 2024	1717685007	165	164	329	164
Thu Jun 06 14:43:27 2024	1717685007	161	168	329	168
Thu Jun 06 14:43:27 2024	1717685007	157	172	329	172
Thu Jun 06 14:43:27 2024	1717685007	165	164	329	164
Thu Jun 06 14:43:27 2024	1717685007	165	164	329	164
Thu Jun 06 14:43:28 2024	1717685008	0	329	329	501
Thu Jun 06 14:43:27 2024	1717685007	169	160	329	160
Thu Jun 06 14:43:27 2024	1717685007	169	160	329	160
Thu Jun 06 14:43:27 2024	1717685007	166	163	329	163
Thu Jun 06 14:43:27 2024	1717685007	168	161	329	161
Thu Jun 06 14:43:27 2024	1717685007	168	161	329	161
Thu Jun 06 14:43:27 2024	1717685007	169	160	329	160
Thu Jun 06 14:43:27 2024	1717685007	161	168	329	168
Thu Jun 06 14:43:27 2024	1717685007	161	168	329	168
Thu Jun 06 14:43:27 2024	1717685007	161	168	329	168
Thu Jun 06 14:43:27 2024	1717685007	161	168	329	168
Thu Jun 06 14:43:27 2024	1717685007	157	172	329	172
Thu Jun 06 14:43:27 2024	1717685007	169	160	329	160
Thu Jun 06 14:43:27 2024	1717685007	169	160	329	160
Thu Jun 06 14:43:27 2024	1717685007	169	160	329	160
Thu Jun 06 14:43:27 2024	1717685007	168	161	329	161
Thu Jun 06 14:43:27 2024	1717685007	169	160	329	160
Thu Jun 06 14:43:27 2024	1717685007	157	172	329	172
Thu Jun 06 14:43:27 2024	1717685007	168	161	329	161
Thu Jun 06 14:43:27 2024	1717685007	169	160	329	160
Thu Jun 06 14:43:26 2024	1717685006	115	214	329	214
Thu Jun 06 14:43:27 2024	1717685007	169	160	329	160
Thu Jun 06 14:43:27 2024	1717685007	161	168	329	168
Thu Jun 06 14:43:27 2024	1717685007	168	161	329	161
Thu Jun 06 14:43:27 2024	1717685007	168	161	329	161
Thu Jun 06 14:43:27 2024	1717685007	169	160	329	160
Thu Jun 06 14:43:27 2024	1717685007	169	160	329	160
Thu Jun 06 14:43:28 2024	1717685008	0	329	329	501
Thu Jun 06 14:43:27 2024	1717685007	168	161	329	161
Thu Jun 06 14:43:27 2024	1717685007	169	160	329	160
Thu Jun 06 14:43:27 2024	1717685007	168	161	329	161
Thu Jun 06 14:43:28 2024	1717685008	0	329	329	501
Thu Jun 06 14:43:27 2024	1717685007	168	161	329	161
Thu Jun 06 14:43:27 2024	1717685007	157	172	329	172
Thu Jun 06 14:43:27 2024	1717685007	157	172	329	172
Thu Jun 06 14:43:28 2024	1717685008	0	329	329	502
Thu Jun 06 14:43:27 2024	1717685007	157	172	329	172
Thu Jun 06 14:43:27 2024	1717685007	168	161	329	161
Thu Jun 06 14:43:27 2024	1717685007	169	160	329	160
Thu Jun 06 14:43:27 2024	1717685007	169	160	329	160
Thu Jun 06 14:43:27 2024	1717685007	169	160	329	160
Thu Jun 06 14:43:27 2024	1717685007	169	161	329	161
Thu Jun 06 14:43:26 2024	1717685006	116	214	329	214
Thu Jun 06 14:43:27 2024	1717685007	169	161	329	161
Thu Jun 06 14:43:27 2024	1717685007	169	161	329	161
Thu Jun 06 14:43:27 2024	1717685007	169	161	329	161
Thu Jun 06 14:43:27 2024	1717685007	157	172	329	172
Thu Jun 06 14:43:27 2024	1717685007	169	161	329	161
Thu Jun 06 14:43:27 2024	1717685007	169	161	329	161
Thu Jun 06 14:43:27 2024	1717685007	168	161	329	161
Thu Jun 06 14:43:27 2024	1717685007	169	161	329	161
Thu Jun 06 14:43:27 2024	1717685007	168	161	329	161
Thu Jun 06 14:43:27 2024	1717685007	168	161	329	161
Thu Jun 06 14:43:27 2024	1717685007	169	161	329	161
Thu Jun 06 14:43:27 2024	1717685007	168	161	329	161
Thu Jun 06 14:43:27 2024	1717685007	168	161	329	161
Thu Jun 06 14:43:28 2024	1717685008	0	329	329	502
Thu Jun 06 14:43:27 2024	1717685007	157	172	329	172
Thu Jun 06 14:43:27 2024	1717685007	168	161	329	161
Thu Jun 06 14:43:27 2024	1717685007	168	161	329	161
Thu Jun 06 14:43:27 2024	1717685007	158	172	329	172
Thu Jun 06 14:43:27 2024	1717685007	164	165	329	165
Thu Jun 06 14:43:28 2024	1717685008	0	330	330	501
Thu Jun 06 14:43:28 2024	1717685008	0	330	330	501
Thu Jun 06 14:43:27 2024	1717685007	161	168	330	168
Thu Jun 06 14:43:27 2024	1717685007	158	172	330	172
Thu Jun 06 14:43:27 2024	1717685007	168	161	330	161
Thu Jun 06 14:43:27 2024	1717685007	169	161	330	161
Thu Jun 06 14:43:27 2024	1717685007	169	161	330	161
Thu Jun 06 14:43:27 2024	1717685007	157	172	330	172
Thu Jun 06 14:43:27 2024	1717685007	169	161	330	161
Thu Jun 06 14:43:26 2024	1717685006	118	212	330	212
Thu Jun 06 14:43:27 2024	1717685007	161	169	330	169
Thu Jun 06 14:43:28 2024	1717685008	0	330	330	502
Thu Jun 06 14:43:27 2024	1717685007	164	165	330	165
Thu Jun 06 14:43:27 2024	1717685007	168	162	330	162
Thu Jun 06 14:43:27 2024	1717685007	157	172	330	172
Thu Jun 06 14:43:27 2024	1717685007	168	161	330	161
Thu Jun 06 14:43:27 2024	1717685007	168	161	330	161
Thu Jun 06 14:43:28 2024	1717685008	0	330	330	502
Thu Jun 06 14:43:27 2024	1717685007	165	165	330	165
Thu Jun 06 14:43:27 2024	1717685007	157	172	330	172
Thu Jun 06 14:43:27 2024	1717685007	169	161	330	161
Thu Jun 06 14:43:27 2024	1717685007	169	161	330	161
Thu Jun 06 14:43:27 2024	1717685007	168	162	330	162
Thu Jun 06 14:43:27 2024	1717685007	157	172	330	172
Thu Jun 06 14:43:28 2024	1717685008	0	330	330	502
Thu Jun 06 14:43:28 2024	1717685008	0	330	330	503
Thu Jun 06 14:43:27 2024	1717685007	164	166	330	166
Thu Jun 06 14:43:27 2024	1717685007	158	172	330	172
Thu Jun 06 14:43:27 2024	1717685007	168	162	330	162
Thu Jun 06 14:43:27 2024	1717685007	158	172	330	172
Thu Jun 06 14:43:27 2024	1717685007	158	172	330	172
Thu Jun 06 14:43:28 2024	1717685008	0	330	330	503
Thu Jun 06 14:43:27 2024	1717685007	158	172	330	172
Thu Jun 06 14:43:27 2024	1717685007	158	172	330	172
Thu Jun 06 14:43:26 2024	1717685006	118	212	330	212
Thu Jun 06 14:43:27 2024	1717685007	169	161	330	161
Thu Jun 06 14:43:27 2024	1717685007	168	162	330	162
Thu Jun 06 14:43:27 2024	1717685007	158	172	330	172
Thu Jun 06 14:43:27 2024	1717685007	158	172	330	172
Thu Jun 06 14:43:27 2024	1717685007	168	162	330	162
Thu Jun 06 14:43:27 2024	1717685007	158	172	330	172
Thu Jun 06 14:43:27 2024	1717685007	168	162	330	162
Thu Jun 06 14:43:28 2024	1717685008	0	330	330	503
Thu Jun 06 14:43:27 2024	1717685007	168	162	330	162
Thu Jun 06 14:43:28 2024	1717685008	0	330	330	503
Thu Jun 06 14:43:27 2024	1717685007	158	172	330	172
Thu Jun 06 14:43:27 2024	1717685007	168	162	330	162
Thu Jun 06 14:43:27 2024	1717685007	168	162	330	162
Thu Jun 06 14:43:27 2024	1717685007	158	172	330	172
Thu Jun 06 14:43:27 2024	1717685007	158	172	330	172
Thu Jun 06 14:43:27 2024	1717685007	159	172	330	172
Thu Jun 06 14:43:27 2024	1717685007	159	172	330	172
Thu Jun 06 14:43:26 2024	1717685006	119	212	330	212
Thu Jun 06 14:43:27 2024	1717685007	159	172	331	172
Thu Jun 06 14:43:27 2024	1717685007	159	172	331	172
Thu Jun 06 14:43:27 2024	1717685007	168	162	331	162
Thu Jun 06 14:43:27 2024	1717685007	168	162	331	162
Thu Jun 06 14:43:27 2024	1717685007	168	162	331	162
Thu Jun 06 14:43:28 2024	1717685008	0	331	331	503
Thu Jun 06 14:43:27 2024	1717685007	168	163	331	163
Thu Jun 06 14:43:27 2024	1717685007	168	163	331	163
Thu Jun 06 14:43:26 2024	1717685006	119	212	331	212
Thu Jun 06 14:43:28 2024	1717685008	0	331	331	503
Thu Jun 06 14:43:27 2024	1717685007	168	163	331	163
Thu Jun 06 14:43:27 2024	1717685007	159	172	331	172
Thu Jun 06 14:43:27 2024	1717685007	159	172	331	172
Thu Jun 06 14:43:28 2024	1717685008	0	331	331	504
Thu Jun 06 14:43:27 2024	1717685007	168	163	331	163
Thu Jun 06 14:43:26 2024	1717685006	119	212	331	212
Thu Jun 06 14:43:28 2024	1717685008	0	331	331	503
Thu Jun 06 14:43:27 2024	1717685007	159	172	331	172
Thu Jun 06 14:43:27 2024	1717685007	168	163	331	163
Thu Jun 06 14:43:27 2024	1717685007	168	163	331	163
Thu Jun 06 14:43:27 2024	1717685007	168	163	331	163
Thu Jun 06 14:43:27 2024	1717685007	168	163	331	163
Thu Jun 06 14:43:27 2024	1717685007	168	163	331	163
Thu Jun 06 14:43:27 2024	1717685007	168	163	331	163
Thu Jun 06 14:43:27 2024	1717685007	168	163	331	163
Thu Jun 06 14:43:27 2024	1717685007	159	172	331	172
Thu Jun 06 14:43:27 2024	1717685007	159	172	331	172
Thu Jun 06 14:43:27 2024	1717685007	159	172	331	172
Thu Jun 06 14:43:26 2024	1717685006	119	212	331	212
Thu Jun 06 14:43:27 2024	1717685007	160	172	332	172
Thu Jun 06 14:43:28 2024	1717685008	0	332	332	503
Thu Jun 06 14:43:27 2024	1717685007	160	172	332	172
Thu Jun 06 14:43:27 2024	1717685007	160	172	332	172
Thu Jun 06 14:43:26 2024	1717685006	122	210	332	210
Thu Jun 06 14:43:26 2024	1717685006	120	212	332	212
Thu Jun 06 14:43:28 2024	1717685008	0	332	332	503
Thu Jun 06 14:43:27 2024	1717685007	161	170	332	170
Thu Jun 06 14:43:27 2024	1717685007	160	172	332	172
Thu Jun 06 14:43:27 2024	1717685007	160	172	332	172
Thu Jun 06 14:43:27 2024	1717685007	160	172	332	172
Thu Jun 06 14:43:27 2024	1717685007	160	172	332	172
Thu Jun 06 14:43:28 2024	1717685008	0	332	332	504
Thu Jun 06 14:43:27 2024	1717685007	160	172	332	172
Thu Jun 06 14:43:26 2024	1717685006	122	210	332	210
Thu Jun 06 14:43:27 2024	1717685007	160	172	332	172
Thu Jun 06 14:43:27 2024	1717685007	160	172	332	172
Thu Jun 06 14:43:27 2024	1717685007	160	172	332	172
Thu Jun 06 14:43:27 2024	1717685007	160	172	332	172
Thu Jun 06 14:43:27 2024	1717685007	160	172	332	172
Thu Jun 06 14:43:27 2024	1717685007	160	172	332	172
Thu Jun 06 14:43:27 2024	1717685007	160	172	332	172
Thu Jun 06 14:43:27 2024	1717685007	160	172	332	172
Thu Jun 06 14:43:26 2024	1717685006	122	210	332	210
Thu Jun 06 14:43:27 2024	1717685007	160	172	332	172
Thu Jun 06 14:43:27 2024	1717685007	160	172	332	172
Thu Jun 06 14:43:27 2024	1717685007	161	172	332	172
Thu Jun 06 14:43:27 2024	1717685007	161	172	332	172
Thu Jun 06 14:43:27 2024	1717685007	161	172	332	172
Thu Jun 06 14:43:26 2024	1717685006	122	210	333	210
Thu Jun 06 14:43:27 2024	1717685007	161	172	333	172
Thu Jun 06 14:43:27 2024	1717685007	161	172	333	172
Thu Jun 06 14:43:27 2024	1717685007	161	172	333	172
Thu Jun 06 14:43:27 2024	1717685007	160	172	333	172
Thu Jun 06 14:43:27 2024	1717685007	161	172	333	172
Thu Jun 06 14:43:27 2024	1717685007	161	172	333	172
Thu Jun 06 14:43:27 2024	1717685007	161	172	333	172
Thu Jun 06 14:43:26 2024	1717685006	123	210	333	210
Thu Jun 06 14:43:27 2024	1717685007	161	172	333	172
Thu Jun 06 14:43:27 2024	1717685007	161	172	333	172
Thu Jun 06 14:43:27 2024	1717685007	161	172	333	172
Thu Jun 06 14:43:26 2024	1717685006	123	210	333	210
Thu Jun 06 14:43:27 2024	1717685007	161	172	333	172
Thu Jun 06 14:43:27 2024	1717685007	161	172	333	172
Thu Jun 06 14:43:27 2024	1717685007	162	172	333	172
Thu Jun 06 14:43:28 2024	1717685008	0	333	333	505
Thu Jun 06 14:43:27 2024	1717685007	161	172	333	172
Thu Jun 06 14:43:26 2024	1717685006	123	210	333	210
Thu Jun 06 14:43:27 2024	1717685007	162	172	334	172
Thu Jun 06 14:43:27 2024	1717685007	162	172	334	172
Thu Jun 06 14:43:27 2024	1717685007	161	172	334	172
Thu Jun 06 14:43:27 2024	1717685007	162	172	334	172
Thu Jun 06 14:43:27 2024	1717685007	164	170	334	170
Thu Jun 06 14:43:27 2024	1717685007	162	172	334	172
Thu Jun 06 14:43:27 2024	1717685007	162	172	334	172
Thu Jun 06 14:43:27 2024	1717685007	162	172	334	172
Thu Jun 06 14:43:27 2024	1717685007	162	172	334	172
Thu Jun 06 14:43:26 2024	1717685006	123	210	334	210
Thu Jun 06 14:43:27 2024	1717685007	162	172	334	172
Thu Jun 06 14:43:27 2024	1717685007	162	172	334	172
Thu Jun 06 14:43:27 2024	1717685007	162	172	334	172
Thu Jun 06 14:43:26 2024	1717685006	126	208	334	208
Thu Jun 06 14:43:27 2024	1717685007	162	172	334	172
Thu Jun 06 14:43:27 2024	1717685007	162	172	334	172
Thu Jun 06 14:43:27 2024	1717685007	162	172	334	172
Thu Jun 06 14:43:27 2024	1717685007	162	172	334	172
Thu Jun 06 14:43:27 2024	1717685007	162	172	334	172
Thu Jun 06 14:43:27 2024	1717685007	162	172	334	172
Thu Jun 06 14:43:27 2024	1717685007	163	172	334	172
Thu Jun 06 14:43:27 2024	1717685007	163	172	334	172
Thu Jun 06 14:43:28 2024	1717685008	0	334	334	506
Thu Jun 06 14:43:27 2024	1717685007	163	172	334	172
Thu Jun 06 14:43:27 2024	1717685007	163	172	334	172
Thu Jun 06 14:43:27 2024	1717685007	163	172	334	172
Thu Jun 06 14:43:28 2024	1717685008	0	334	334	506
Thu Jun 06 14:43:27 2024	1717685007	163	171	334	171
Thu Jun 06 14:43:26 2024	1717685006	126	209	334	209
Thu Jun 06 14:43:27 2024	1717685007	163	171	335	171
Thu Jun 06 14:43:27 2024	1717685007	163	172	335	172
Thu Jun 06 14:43:28 2024	1717685008	0	335	335	506
Thu Jun 06 14:43:27 2024	1717685007	163	171	335	171
Thu Jun 06 14:43:27 2024	1717685007	164	171	335	171
Thu Jun 06 14:43:27 2024	1717685007	164	171	335	171
Thu Jun 06 14:43:26 2024	1717685006	126	209	335	209
Thu Jun 06 14:43:27 2024	1717685007	164	171	335	171
Thu Jun 06 14:43:27 2024	1717685007	163	172	335	172
Thu Jun 06 14:43:27 2024	1717685007	163	172	335	172
Thu Jun 06 14:43:28 2024	1717685008	0	335	335	506
Thu Jun 06 14:43:27 2024	1717685007	163	172	335	172
Thu Jun 06 14:43:27 2024	1717685007	164	171	335	171
Thu Jun 06 14:43:27 2024	1717685007	164	172	335	172
Thu Jun 06 14:43:27 2024	1717685007	163	172	335	172
Thu Jun 06 14:43:27 2024	1717685007	164	171	335	171
Thu Jun 06 14:43:28 2024	1717685008	0	335	335	507
Thu Jun 06 14:43:28 2024	1717685008	0	335	335	507
Thu Jun 06 14:43:26 2024	1717685006	127	209	335	209
Thu Jun 06 14:43:28 2024	1717685008	0	335	335	507
Thu Jun 06 14:43:27 2024	1717685007	164	171	336	171
Thu Jun 06 14:43:27 2024	1717685007	164	171	336	171
Thu Jun 06 14:43:28 2024	1717685008	0	336	336	507
Thu Jun 06 14:43:28 2024	1717685008	0	336	336	507
Thu Jun 06 14:43:27 2024	1717685007	164	172	336	172
Thu Jun 06 14:43:26 2024	1717685006	127	209	336	209
Thu Jun 06 14:43:27 2024	1717685007	165	171	336	171
Thu Jun 06 14:43:28 2024	1717685008	0	336	336	508
Thu Jun 06 14:43:27 2024	1717685007	164	171	336	171
Thu Jun 06 14:43:27 2024	1717685007	164	172	336	172
Thu Jun 06 14:43:27 2024	1717685007	165	171	336	171
Thu Jun 06 14:43:27 2024	1717685007	165	171	336	171
Thu Jun 06 14:43:27 2024	1717685007	165	171	336	171
Thu Jun 06 14:43:26 2024	1717685006	130	206	336	206
Thu Jun 06 14:43:27 2024	1717685007	165	171	336	171
Thu Jun 06 14:43:26 2024	1717685006	127	209	336	209
Thu Jun 06 14:43:27 2024	1717685007	165	171	336	171
Thu Jun 06 14:43:27 2024	1717685007	165	171	336	171
Thu Jun 06 14:43:27 2024	1717685007	165	171	336	171
Thu Jun 06 14:43:27 2024	1717685007	165	171	336	171
Thu Jun 06 14:43:28 2024	1717685008	0	336	336	508
Thu Jun 06 14:43:27 2024	1717685007	165	171	336	171
Thu Jun 06 14:43:27 2024	1717685007	165	171	336	171
Thu Jun 06 14:43:27 2024	1717685007	165	171	336	171
Thu Jun 06 14:43:28 2024	1717685008	0	336	336	508
Thu Jun 06 14:43:27 2024	1717685007	165	171	336	171
Thu Jun 06 14:43:27 2024	1717685007	166	171	336	171
Thu Jun 06 14:43:27 2024	1717685007	166	171	336	171
Thu Jun 06 14:43:27 2024	1717685007	166	171	336	171
Thu Jun 06 14:43:27 2024	1717685007	166	171	336	171
Thu Jun 06 14:43:26 2024	1717685006	130	206	336	206
Thu Jun 06 14:43:28 2024	1717685008	0	336	336	509
Thu Jun 06 14:43:27 2024	1717685007	165	171	336	171
Thu Jun 06 14:43:28 2024	1717685008	0	336	336	508
Thu Jun 06 14:43:27 2024	1717685007	165	171	336	171
Thu Jun 06 14:43:27 2024	1717685007	165	171	337	171
Thu Jun 06 14:43:27 2024	1717685007	165	171	337	171
Thu Jun 06 14:43:27 2024	1717685007	166	171	337	171
Thu Jun 06 14:43:27 2024	1717685007	166	171	337	171
Thu Jun 06 14:43:27 2024	1717685007	166	171	337	171
Thu Jun 06 14:43:27 2024	1717685007	166	171	337	171
Thu Jun 06 14:43:27 2024	1717685007	167	170	337	170
Thu Jun 06 14:43:27 2024	1717685007	166	171	337	171
Thu Jun 06 14:43:27 2024	1717685007	166	170	337	170
Thu Jun 06 14:43:26 2024	1717685006	130	206	337	206
Thu Jun 06 14:43:27 2024	1717685007	166	170	337	170
Thu Jun 06 14:43:27 2024	1717685007	167	170	337	170
Thu Jun 06 14:43:27 2024	1717685007	167	170	337	170
Thu Jun 06 14:43:27 2024	1717685007	167	170	337	170
Thu Jun 06 14:43:27 2024	1717685007	167	170	337	170
Thu Jun 06 14:43:28 2024	1717685008	0	337	337	509
Thu Jun 06 14:43:27 2024	1717685007	167	170	337	170
Thu Jun 06 14:43:27 2024	1717685007	167	170	337	170
Thu Jun 06 14:43:26 2024	1717685006	131	206	337	206
Thu Jun 06 14:43:27 2024	1717685007	167	170	337	170
Thu Jun 06 14:43:27 2024	1717685007	168	169	337	169
Thu Jun 06 14:43:27 2024	1717685007	168	170	337	170
Thu Jun 06 14:43:27 2024	1717685007	167	170	337	170
Thu Jun 06 14:43:27 2024	1717685007	167	170	337	170
Thu Jun 06 14:43:27 2024	1717685007	168	169	337	169
Thu Jun 06 14:43:27 2024	1717685007	168	169	337	169
Thu Jun 06 14:43:28 2024	1717685008	0	337	337	509
Thu Jun 06 14:43:27 2024	1717685007	168	169	337	169
Thu Jun 06 14:43:27 2024	1717685007	167	170	337	170
Thu Jun 06 14:43:27 2024	1717685007	168	169	337	169
Thu Jun 06 14:43:27 2024	1717685007	168	170	337	170
Thu Jun 06 14:43:26 2024	1717685006	131	206	337	206
Thu Jun 06 14:43:27 2024	1717685007	167	170	337	170
Thu Jun 06 14:43:27 2024	1717685007	168	170	337	170
Thu Jun 06 14:43:27 2024	1717685007	168	170	337	170
Thu Jun 06 14:43:27 2024	1717685007	168	170	338	170
Thu Jun 06 14:43:27 2024	1717685007	168	170	338	170
Thu Jun 06 14:43:27 2024	1717685007	168	170	338	170
Thu Jun 06 14:43:28 2024	1717685008	0	338	338	508
Thu Jun 06 14:43:26 2024	1717685006	131	207	338	207
Thu Jun 06 14:43:28 2024	1717685008	0	338	338	510
Thu Jun 06 14:43:28 2024	1717685008	0	338	338	508
Thu Jun 06 14:43:28 2024	1717685008	0	338	338	509
Thu Jun 06 14:43:28 2024	1717685008	0	338	338	508
Thu Jun 06 14:43:27 2024	1717685007	168	170	338	170
Thu Jun 06 14:43:26 2024	1717685006	131	207	338	207
Thu Jun 06 14:43:28 2024	1717685008	0	338	338	508
Thu Jun 06 14:43:28 2024	1717685008	0	338	338	508
Thu Jun 06 14:43:27 2024	1717685007	170	168	338	168
Thu Jun 06 14:43:26 2024	1717685006	134	205	338	205
Thu Jun 06 14:43:27 2024	1717685007	170	168	338	168
Thu Jun 06 14:43:28 2024	1717685008	0	338	338	510
Thu Jun 06 14:43:28 2024	1717685008	0	338	338	508
Thu Jun 06 14:43:27 2024	1717685007	169	170	338	170
Thu Jun 06 14:43:28 2024	1717685008	0	338	338	510
Thu Jun 06 14:43:27 2024	1717685007	170	168	338	168
Thu Jun 06 14:43:26 2024	1717685006	134	205	339	205
Thu Jun 06 14:43:28 2024	1717685008	0	339	339	509
Thu Jun 06 14:43:27 2024	1717685007	171	168	339	168
Thu Jun 06 14:43:27 2024	1717685007	170	169	339	169
Thu Jun 06 14:43:27 2024	1717685007	171	168	339	168
Thu Jun 06 14:43:27 2024	1717685007	169	170	339	170
Thu Jun 06 14:43:27 2024	1717685007	169	170	339	170
Thu Jun 06 14:43:27 2024	1717685007	171	168	339	168
Thu Jun 06 14:43:28 2024	1717685008	0	339	339	509
Thu Jun 06 14:43:26 2024	1717685006	134	205	339	205
Thu Jun 06 14:43:27 2024	1717685007	170	169	339	169
Thu Jun 06 14:43:27 2024	1717685007	171	169	339	169
Thu Jun 06 14:43:27 2024	1717685007	170	170	339	170
Thu Jun 06 14:43:26 2024	1717685006	134	205	339	205
Thu Jun 06 14:43:27 2024	1717685007	171	169	339	169
Thu Jun 06 14:43:27 2024	1717685007	170	170	339	170
Thu Jun 06 14:43:27 2024	1717685007	170	170	339	170
Thu Jun 06 14:43:27 2024	1717685007	171	169	339	169
Thu Jun 06 14:43:27 2024	1717685007	171	169	339	169
Thu Jun 06 14:43:26 2024	1717685006	135	205	339	205
Thu Jun 06 14:43:28 2024	1717685008	172	168	339	168
Thu Jun 06 14:43:27 2024	1717685007	170	170	339	170
Thu Jun 06 14:43:28 2024	1717685008	0	339	339	511
Thu Jun 06 14:43:27 2024	1717685007	170	169	339	169
Thu Jun 06 14:43:28 2024	1717685008	172	168	339	168
Thu Jun 06 14:43:28 2024	1717685008	172	168	339	168
Thu Jun 06 14:43:28 2024	1717685008	172	168	339	168
Thu Jun 06 14:43:27 2024	1717685007	171	169	340	169
Thu Jun 06 14:43:28 2024	1717685008	172	168	340	168
Thu Jun 06 14:43:27 2024	1717685007	170	169	340	169
Thu Jun 06 14:43:26 2024	1717685006	135	205	340	205
Thu Jun 06 14:43:27 2024	1717685007	170	169	340	169
Thu Jun 06 14:43:28 2024	1717685008	172	168	340	168
Thu Jun 06 14:43:27 2024	1717685007	171	169	340	169
Thu Jun 06 14:43:27 2024	1717685007	171	169	340	169
Thu Jun 06 14:43:27 2024	1717685007	171	169	340	169
Thu Jun 06 14:43:27 2024	1717685007	171	169	340	169
Thu Jun 06 14:43:28 2024	1717685008	0	340	340	511
Thu Jun 06 14:43:27 2024	1717685007	172	168	340	168
Thu Jun 06 14:43:27 2024	1717685007	172	168	340	168
Thu Jun 06 14:43:28 2024	1717685008	0	340	340	511
Thu Jun 06 14:43:27 2024	1717685007	171	169	340	169
Thu Jun 06 14:43:27 2024	1717685007	171	169	340	169
Thu Jun 06 14:43:28 2024	1717685008	0	340	340	511
Thu Jun 06 14:43:27 2024	1717685007	172	168	340	168
Thu Jun 06 14:43:27 2024	1717685007	171	169	340	169
Thu Jun 06 14:43:28 2024	1717685008	0	340	340	511
Thu Jun 06 14:43:27 2024	1717685007	171	169	340	169
Thu Jun 06 14:43:27 2024	1717685007	171	169	340	169
Thu Jun 06 14:43:27 2024	1717685007	172	168	340	168
Thu Jun 06 14:43:27 2024	1717685007	172	168	340	168
Thu Jun 06 14:43:27 2024	1717685007	173	168	340	168
Thu Jun 06 14:43:27 2024	1717685007	173	168	340	168
Thu Jun 06 14:43:28 2024	1717685008	0	340	340	511
Thu Jun 06 14:43:28 2024	1717685008	169	171	340	171
Thu Jun 06 14:43:28 2024	1717685008	169	171	340	171
Thu Jun 06 14:43:27 2024	1717685007	172	169	340	169
Thu Jun 06 14:43:28 2024	1717685008	169	171	340	171
Thu Jun 06 14:43:28 2024	1717685008	169	171	340	171
Thu Jun 06 14:43:28 2024	1717685008	169	171	340	171
Thu Jun 06 14:43:26 2024	1717685006	135	205	341	205
Thu Jun 06 14:43:27 2024	1717685007	172	168	341	168
Thu Jun 06 14:43:27 2024	1717685007	172	168	341	168
Thu Jun 06 14:43:27 2024	1717685007	172	169	341	169
Thu Jun 06 14:43:27 2024	1717685007	172	169	341	169
Thu Jun 06 14:43:27 2024	1717685007	172	169	341	169
Thu Jun 06 14:43:27 2024	1717685007	172	169	341	169
Thu Jun 06 14:43:27 2024	1717685007	172	169	341	169
Thu Jun 06 14:43:27 2024	1717685007	172	169	341	169
Thu Jun 06 14:43:28 2024	1717685008	171	169	341	169
Thu Jun 06 14:43:27 2024	1717685007	172	169	341	169
Thu Jun 06 14:43:27 2024	1717685007	172	169	341	169
Thu Jun 06 14:43:26 2024	1717685006	138	203	341	203
Thu Jun 06 14:43:27 2024	1717685007	172	168	341	168
Thu Jun 06 14:43:27 2024	1717685007	172	169	341	169
Thu Jun 06 14:43:27 2024	1717685007	172	169	341	169
Thu Jun 06 14:43:27 2024	1717685007	172	169	341	169
Thu Jun 06 14:43:27 2024	1717685007	172	169	341	169
Thu Jun 06 14:43:27 2024	1717685007	172	169	341	169
Thu Jun 06 14:43:27 2024	1717685007	172	169	341	169
Thu Jun 06 14:43:27 2024	1717685007	172	169	341	169
Thu Jun 06 14:43:27 2024	1717685007	172	169	341	169
Thu Jun 06 14:43:27 2024	1717685007	172	168	341	168
Thu Jun 06 14:43:27 2024	1717685007	172	168	341	168
Thu Jun 06 14:43:28 2024	1717685008	171	170	341	170
Thu Jun 06 14:43:26 2024	1717685006	138	203	341	203
Thu Jun 06 14:43:27 2024	1717685007	172	169	341	169
Thu Jun 06 14:43:27 2024	1717685007	172	169	341	169
Thu Jun 06 14:43:27 2024	1717685007	173	168	341	168
Thu Jun 06 14:43:28 2024	1717685008	0	341	341	511
Thu Jun 06 14:43:28 2024	1717685008	172	169	341	169
Thu Jun 06 14:43:27 2024	1717685007	172	169	341	169
Thu Jun 06 14:43:27 2024	1717685007	172	169	341	169
Thu Jun 06 14:43:27 2024	1717685007	173	168	341	168
Thu Jun 06 14:43:27 2024	1717685007	172	169	341	169
Thu Jun 06 14:43:27 2024	1717685007	172	169	341	169
Thu Jun 06 14:43:27 2024	1717685007	172	169	341	169
Thu Jun 06 14:43:28 2024	1717685008	168	173	341	173
Thu Jun 06 14:43:27 2024	1717685007	172	169	341	169
Thu Jun 06 14:43:27 2024	1717685007	172	169	341	169
Thu Jun 06 14:43:28 2024	1717685008	169	173	341	173
Thu Jun 06 14:43:28 2024	1717685008	0	341	341	512
Thu Jun 06 14:43:28 2024	1717685008	169	173	342	173
Thu Jun 06 14:43:28 2024	1717685008	170	172	342	172
Thu Jun 06 14:43:28 2024	1717685008	170	172	342	172
Thu Jun 06 14:43:28 2024	1717685008	0	342	342	512
Thu Jun 06 14:43:27 2024	1717685007	172	170	342	170
Thu Jun 06 14:43:26 2024	1717685006	138	204	342	204
Thu Jun 06 14:43:27 2024	1717685007	172	170	342	170
Thu Jun 06 14:43:28 2024	1717685008	171	171	342	171
Thu Jun 06 14:43:26 2024	1717685006	138	204	342	204
Thu Jun 06 14:43:28 2024	1717685008	171	171	342	171
Thu Jun 06 14:43:27 2024	1717685007	172	170	342	170
Thu Jun 06 14:43:28 2024	1717685008	171	171	342	171
Thu Jun 06 14:43:28 2024	1717685008	169	173	342	173
Thu Jun 06 14:43:28 2024	1717685008	169	173	342	173
Thu Jun 06 14:43:28 2024	1717685008	170	173	342	173
Thu Jun 06 14:43:28 2024	1717685008	169	173	342	173
Thu Jun 06 14:43:28 2024	1717685008	170	173	342	173
Thu Jun 06 14:43:28 2024	1717685008	171	171	342	171
Thu Jun 06 14:43:28 2024	1717685008	170	173	342	173
Thu Jun 06 14:43:28 2024	1717685008	172	171	342	171
Thu Jun 06 14:43:28 2024	1717685008	171	171	342	171
Thu Jun 06 14:43:28 2024	1717685008	170	173	342	173
Thu Jun 06 14:43:26 2024	1717685006	139	204	342	204
Thu Jun 06 14:43:27 2024	1717685007	173	169	342	169
Thu Jun 06 14:43:28 2024	1717685008	171	171	342	171
Thu Jun 06 14:43:28 2024	1717685008	171	171	342	171
Thu Jun 06 14:43:28 2024	1717685008	171	171	342	171
Thu Jun 06 14:43:28 2024	1717685008	171	171	342	171
Thu Jun 06 14:43:28 2024	1717685008	171	171	342	171
Thu Jun 06 14:43:28 2024	1717685008	172	171	342	171
Thu Jun 06 14:43:28 2024	1717685008	170	172	342	172
Thu Jun 06 14:43:28 2024	1717685008	170	172	343	172
Thu Jun 06 14:43:28 2024	1717685008	170	173	343	173
Thu Jun 06 14:43:26 2024	1717685006	139	204	343	204
Thu Jun 06 14:43:28 2024	1717685008	171	171	343	171
Thu Jun 06 14:43:28 2024	1717685008	171	171	343	171
Thu Jun 06 14:43:28 2024	1717685008	170	173	343	173
Thu Jun 06 14:43:28 2024	1717685008	171	171	343	171
Thu Jun 06 14:43:28 2024	1717685008	170	173	343	173
Thu Jun 06 14:43:28 2024	1717685008	170	173	343	173
Thu Jun 06 14:43:28 2024	1717685008	172	171	343	171
Thu Jun 06 14:43:28 2024	1717685008	172	171	343	171
Thu Jun 06 14:43:26 2024	1717685006	139	204	343	204
Thu Jun 06 14:43:28 2024	1717685008	172	171	343	171
Thu Jun 06 14:43:26 2024	1717685006	142	202	343	202
Thu Jun 06 14:43:28 2024	1717685008	172	171	343	171
Thu Jun 06 14:43:26 2024	1717685006	142	202	344	202
Thu Jun 06 14:43:27 2024	1717685007	175	169	344	169
Thu Jun 06 14:43:26 2024	1717685006	142	202	344	202
Thu Jun 06 14:43:26 2024	1717685006	142	202	344	202
Thu Jun 06 14:43:28 2024	1717685008	170	174	345	174
Thu Jun 06 14:43:26 2024	1717685006	143	202	345	202
Thu Jun 06 14:43:26 2024	1717685006	143	202	345	202
Thu Jun 06 14:43:26 2024	1717685006	143	202	345	202
Thu Jun 06 14:43:26 2024	1717685006	145	200	346	200
Thu Jun 06 14:43:26 2024	1717685006	146	200	346	200
Thu Jun 06 14:43:26 2024	1717685006	146	200	346	200
Thu Jun 06 14:43:27 2024	1717685007	178	169	346	169
Thu Jun 06 14:43:26 2024	1717685006	146	200	346	200
Thu Jun 06 14:43:26 2024	1717685006	146	200	347	200
Thu Jun 06 14:43:26 2024	1717685006	147	200	347	200
Thu Jun 06 14:43:26 2024	1717685006	147	200	347	200
Thu Jun 06 14:43:26 2024	1717685006	150	199	348	199
Thu Jun 06 14:43:27 2024	1717685007	179	169	348	169
Thu Jun 06 14:43:26 2024	1717685006	150	199	348	199
Thu Jun 06 14:43:26 2024	1717685006	150	199	349	199
Thu Jun 06 14:43:26 2024	1717685006	150	199	349	199
Thu Jun 06 14:43:27 2024	1717685007	181	169	349	169
Thu Jun 06 14:43:26 2024	1717685006	151	199	350	199
Thu Jun 06 14:43:26 2024	1717685006	151	199	350	199
Thu Jun 06 14:43:26 2024	1717685006	151	199	350	199
Thu Jun 06 14:43:26 2024	1717685006	153	197	350	197
Thu Jun 06 14:43:26 2024	1717685006	154	197	351	197
Thu Jun 06 14:43:26 2024	1717685006	154	197	351	197
Thu Jun 06 14:43:26 2024	1717685006	154	197	351	197
Thu Jun 06 14:43:27 2024	1717685007	183	169	351	169
Thu Jun 06 14:43:26 2024	1717685006	155	197	352	197
Thu Jun 06 14:43:26 2024	1717685006	155	197	352	197
Thu Jun 06 14:43:26 2024	1717685006	155	197	352	197
Thu Jun 06 14:43:26 2024	1717685006	155	197	353	197
Thu Jun 06 14:43:26 2024	1717685006	158	195	353	195
Thu Jun 06 14:43:26 2024	1717685006	158	195	353	195
Thu Jun 06 14:43:27 2024	1717685007	185	169	353	169
Thu Jun 06 14:43:26 2024	1717685006	158	195	353	195
Thu Jun 06 14:43:26 2024	1717685006	158	195	354	195
Thu Jun 06 14:43:26 2024	1717685006	159	195	354	195
Thu Jun 06 14:43:26 2024	1717685006	159	195	354	195
Thu Jun 06 14:43:26 2024	1717685006	159	195	354	195
Thu Jun 06 14:43:26 2024	1717685006	162	194	355	194
Thu Jun 06 14:43:27 2024	1717685007	187	169	355	169
Thu Jun 06 14:43:26 2024	1717685006	162	194	356	194
Thu Jun 06 14:43:26 2024	1717685006	162	194	356	194
Thu Jun 06 14:43:26 2024	1717685006	163	194	357	194
Thu Jun 06 14:43:26 2024	1717685006	163	194	357	194
Thu Jun 06 14:43:26 2024	1717685006	163	194	357	194
Thu Jun 06 14:43:26 2024	1717685006	166	192	358	192
Thu Jun 06 14:43:26 2024	1717685006	166	192	358	192
Thu Jun 06 14:43:26 2024	1717685006	166	192	358	192
Thu Jun 06 14:43:26 2024	1717685006	166	192	359	192
Thu Jun 06 14:43:26 2024	1717685006	167	192	359	192
Thu Jun 06 14:43:27 2024	1717685007	190	168	359	168
Thu Jun 06 14:43:26 2024	1717685006	167	192	359	192
Thu Jun 06 14:43:26 2024	1717685006	167	192	359	192
Thu Jun 06 14:43:26 2024	1717685006	167	192	360	192
Thu Jun 06 14:43:26 2024	1717685006	170	190	360	190
Thu Jun 06 14:43:26 2024	1717685006	170	190	360	190
Thu Jun 06 14:43:26 2024	1717685006	170	191	361	191
Thu Jun 06 14:43:26 2024	1717685006	171	191	361	191
Thu Jun 06 14:43:26 2024	1717685006	171	191	362	191
Thu Jun 06 14:43:27 2024	1717685007	194	168	362	168
Thu Jun 06 14:43:26 2024	1717685006	171	191	362	191
Thu Jun 06 14:43:26 2024	1717685006	174	188	362	188
Thu Jun 06 14:43:26 2024	1717685006	174	188	363	188
Thu Jun 06 14:43:26 2024	1717685006	174	189	363	189
Thu Jun 06 14:43:26 2024	1717685006	175	189	363	189
Thu Jun 06 14:43:26 2024	1717685006	175	189	364	189
Thu Jun 06 14:43:27 2024	1717685007	195	168	364	168
Thu Jun 06 14:43:26 2024	1717685006	175	189	364	189
Thu Jun 06 14:43:26 2024	1717685006	175	189	364	189
Thu Jun 06 14:43:26 2024	1717685006	178	187	364	187
Thu Jun 06 14:43:26 2024	1717685006	178	187	365	187
Thu Jun 06 14:43:26 2024	1717685006	178	187	365	187
Thu Jun 06 14:43:26 2024	1717685006	179	187	365	187
Thu Jun 06 14:43:26 2024	1717685006	179	187	366	187
Thu Jun 06 14:43:26 2024	1717685006	179	187	366	187
Thu Jun 06 14:43:27 2024	1717685007	199	168	367	168
Thu Jun 06 14:43:26 2024	1717685006	180	187	367	187
Thu Jun 06 14:43:26 2024	1717685006	182	185	367	185
Thu Jun 06 14:43:26 2024	1717685006	183	185	367	185
Thu Jun 06 14:43:26 2024	1717685006	183	185	368	185
Thu Jun 06 14:43:26 2024	1717685006	183	185	368	185
Thu Jun 06 14:43:26 2024	1717685006	201	168	368	168
Thu Jun 06 14:43:26 2024	1717685006	184	185	369	185
Thu Jun 06 14:43:26 2024	1717685006	184	185	369	185
Thu Jun 06 14:43:26 2024	1717685006	184	185	369	185
Thu Jun 06 14:43:26 2024	1717685006	202	168	369	168
Thu Jun 06 14:43:26 2024	1717685006	187	183	369	183
Thu Jun 06 14:43:26 2024	1717685006	187	183	370	183
Thu Jun 06 14:43:26 2024	1717685006	187	183	370	183
Thu Jun 06 14:43:26 2024	1717685006	188	183	370	183
Thu Jun 06 14:43:26 2024	1717685006	203	167	371	167
Thu Jun 06 14:43:26 2024	1717685006	188	183	371	183
Thu Jun 06 14:43:26 2024	1717685006	188	183	371	183
Thu Jun 06 14:43:26 2024	1717685006	189	183	372	183
Thu Jun 06 14:43:26 2024	1717685006	191	181	372	181
Thu Jun 06 14:43:26 2024	1717685006	205	167	372	167
Thu Jun 06 14:43:26 2024	1717685006	192	181	373	181
Thu Jun 06 14:43:26 2024	1717685006	192	181	373	181
Thu Jun 06 14:43:26 2024	1717685006	192	181	373	181
Thu Jun 06 14:43:26 2024	1717685006	193	181	374	181
Thu Jun 06 14:43:26 2024	1717685006	206	167	374	167
Thu Jun 06 14:43:26 2024	1717685006	193	181	374	181
Thu Jun 06 14:43:26 2024	1717685006	193	181	374	181
Thu Jun 06 14:43:26 2024	1717685006	196	179	374	179
Thu Jun 06 14:43:26 2024	1717685006	196	179	375	179
Thu Jun 06 14:43:26 2024	1717685006	196	179	375	179
Thu Jun 06 14:43:26 2024	1717685006	208	167	375	167
Thu Jun 06 14:43:26 2024	1717685006	197	179	375	179
Thu Jun 06 14:43:26 2024	1717685006	197	179	376	179
Thu Jun 06 14:43:26 2024	1717685006	197	179	376	179
Thu Jun 06 14:43:26 2024	1717685006	197	179	376	179
Thu Jun 06 14:43:26 2024	1717685006	200	177	377	177
Thu Jun 06 14:43:26 2024	1717685006	200	177	377	177
Thu Jun 06 14:43:26 2024	1717685006	201	177	378	177
Thu Jun 06 14:43:26 2024	1717685006	212	166	378	166
Thu Jun 06 14:43:26 2024	1717685006	201	177	379	177
Thu Jun 06 14:43:26 2024	1717685006	201	178	379	178
Thu Jun 06 14:43:26 2024	1717685006	202	178	379	178
Thu Jun 06 14:43:26 2024	1717685006	213	166	379	166
Thu Jun 06 14:43:26 2024	1717685006	204	175	380	175
Thu Jun 06 14:43:26 2024	1717685006	205	175	380	175
Thu Jun 06 14:43:26 2024	1717685006	205	175	381	175
Thu Jun 06 14:43:26 2024	1717685006	205	176	381	176
Thu Jun 06 14:43:26 2024	1717685006	206	176	381	176
Thu Jun 06 14:43:26 2024	1717685006	206	176	381	176
Thu Jun 06 14:43:26 2024	1717685006	206	176	382	176
Thu Jun 06 14:43:26 2024	1717685006	209	173	382	173
Thu Jun 06 14:43:26 2024	1717685006	209	173	382	173
Thu Jun 06 14:43:26 2024	1717685006	209	173	383	173
Thu Jun 06 14:43:26 2024	1717685006	210	173	383	173
Thu Jun 06 14:43:26 2024	1717685006	210	173	383	173
Thu Jun 06 14:43:26 2024	1717685006	210	173	383	173
Thu Jun 06 14:43:26 2024	1717685006	211	173	384	173
Thu Jun 06 14:43:26 2024	1717685006	219	165	384	165
Thu Jun 06 14:43:26 2024	1717685006	211	173	385	173
Thu Jun 06 14:43:26 2024	1717685006	211	173	385	173
Thu Jun 06 14:43:26 2024	1717685006	212	173	385	173
Thu Jun 06 14:43:26 2024	1717685006	212	173	385	173
Thu Jun 06 14:43:26 2024	1717685006	220	166	386	166
Thu Jun 06 14:43:26 2024	1717685006	216	170	386	170
Thu Jun 06 14:43:26 2024	1717685006	216	170	386	170
Thu Jun 06 14:43:26 2024	1717685006	221	165	386	165
Thu Jun 06 14:43:26 2024	1717685006	216	170	386	170
Thu Jun 06 14:43:26 2024	1717685006	216	170	387	170
Thu Jun 06 14:43:26 2024	1717685006	217	170	387	170
Thu Jun 06 14:43:26 2024	1717685006	217	170	387	170
Thu Jun 06 14:43:26 2024	1717685006	223	165	388	165
Thu Jun 06 14:43:26 2024	1717685006	217	170	388	170
Thu Jun 06 14:43:26 2024	1717685006	220	168	388	168
Thu Jun 06 14:43:26 2024	1717685006	220	168	388	168
Thu Jun 06 14:43:26 2024	1717685006	224	165	388	165
Thu Jun 06 14:43:26 2024	1717685006	221	168	388	168
Thu Jun 06 14:43:26 2024	1717685006	221	168	389	168
Thu Jun 06 14:43:26 2024	1717685006	221	168	389	168
Thu Jun 06 14:43:26 2024	1717685006	226	164	390	164
Thu Jun 06 14:43:26 2024	1717685006	222	168	390	168
Thu Jun 06 14:43:26 2024	1717685006	222	168	390	168
Thu Jun 06 14:43:26 2024	1717685006	225	166	390	166
Thu Jun 06 14:43:26 2024	1717685006	225	166	391	166
Thu Jun 06 14:43:26 2024	1717685006	225	166	391	166
Thu Jun 06 14:43:26 2024	1717685006	228	163	391	163
Thu Jun 06 14:43:26 2024	1717685006	225	166	391	166
Thu Jun 06 14:43:26 2024	1717685006	226	166	392	166
Thu Jun 06 14:43:26 2024	1717685006	226	166	392	166
Thu Jun 06 14:43:26 2024	1717685006	226	166	392	166
Thu Jun 06 14:43:26 2024	1717685006	227	166	392	166
Thu Jun 06 14:43:26 2024	1717685006	229	163	393	163
Thu Jun 06 14:43:26 2024	1717685006	229	163	393	163
Thu Jun 06 14:43:26 2024	1717685006	230	163	393	163
Thu Jun 06 14:43:26 2024	1717685006	230	163	394	163
Thu Jun 06 14:43:26 2024	1717685006	230	163	394	163
Thu Jun 06 14:43:26 2024	1717685006	232	162	394	162
Thu Jun 06 14:43:26 2024	1717685006	233	161	395	161
Thu Jun 06 14:43:26 2024	1717685006	231	164	395	164
Thu Jun 06 14:43:26 2024	1717685006	231	164	395	164
Thu Jun 06 14:43:26 2024	1717685006	234	162	396	162
Thu Jun 06 14:43:26 2024	1717685006	235	161	396	161
Thu Jun 06 14:43:26 2024	1717685006	234	162	396	162
Thu Jun 06 14:43:26 2024	1717685006	234	162	396	162
Thu Jun 06 14:43:26 2024	1717685006	237	160	397	160
Thu Jun 06 14:43:26 2024	1717685006	235	162	397	162
Thu Jun 06 14:43:26 2024	1717685006	236	160	397	160
Thu Jun 06 14:43:26 2024	1717685006	235	162	397	162
Thu Jun 06 14:43:26 2024	1717685006	235	162	397	162
Thu Jun 06 14:43:26 2024	1717685006	238	159	397	159
Thu Jun 06 14:43:26 2024	1717685006	236	162	397	162
Thu Jun 06 14:43:26 2024	1717685006	239	159	398	159
Thu Jun 06 14:43:26 2024	1717685006	239	159	398	159
Thu Jun 06 14:43:26 2024	1717685006	242	157	399	157
Thu Jun 06 14:43:26 2024	1717685006	242	157	399	157
Thu Jun 06 14:43:26 2024	1717685006	240	159	399	159
Thu Jun 06 14:43:26 2024	1717685006	23	388	411	388
Thu Jun 06 14:43:26 2024	1717685006	23	392	415	392
Thu Jun 06 14:43:26 2024	1717685006	23	392	415	392
Thu Jun 06 14:43:26 2024	1717685006	23	393	415	393
Thu Jun 06 14:43:26 2024	1717685006	26	390	416	390
Thu Jun 06 14:43:26 2024	1717685006	26	390	416	390
Thu Jun 06 14:43:26 2024	1717685006	28	392	420	392
Thu Jun 06 14:43:26 2024	1717685006	28	393	421	393
Thu Jun 06 14:43:26 2024	1717685006	27	393	421	393
Thu Jun 06 14:43:26 2024	1717685006	27	394	421	394
Thu Jun 06 14:43:26 2024	1717685006	31	394	425	394
Thu Jun 06 14:43:26 2024	1717685006	31	394	425	394
Thu Jun 06 14:43:26 2024	1717685006	31	394	425	394
Thu Jun 06 14:43:26 2024	1717685006	31	395	425	395
Thu Jun 06 14:43:26 2024	1717685006	31	395	426	395
Thu Jun 06 14:43:26 2024	1717685006	30	395	426	395
Thu Jun 06 14:43:26 2024	1717685006	30	396	426	396
Thu Jun 06 14:43:26 2024	1717685006	34	399	433	399
Thu Jun 06 14:43:26 2024	1717685006	33	400	433	400
Thu Jun 06 14:43:26 2024	1717685006	33	400	434	400
Thu Jun 06 14:43:26 2024	1717685006	33	401	434	401
Thu Jun 06 14:43:26 2024	1717685006	33	401	434	401
Thu Jun 06 14:43:26 2024	1717685006	37	401	438	401
Thu Jun 06 14:43:26 2024	1717685006	37	401	438	401
Thu Jun 06 14:43:26 2024	1717685006	36	402	438	402
Thu Jun 06 14:43:26 2024	1717685006	36	402	438	402
Thu Jun 06 14:43:26 2024	1717685006	36	402	438	402
Thu Jun 06 14:43:26 2024	1717685006	40	406	446	406
Thu Jun 06 14:43:26 2024	1717685006	39	406	446	406
Thu Jun 06 14:43:26 2024	1717685006	39	407	446	407
Thu Jun 06 14:43:26 2024	1717685006	39	407	446	407
Thu Jun 06 14:43:26 2024	1717685006	39	408	446	408
Thu Jun 06 14:43:26 2024	1717685006	39	408	446	408
Thu Jun 06 14:43:26 2024	1717685006	38	408	447	408
Thu Jun 06 14:43:26 2024	1717685006	48	416	463	416
Thu Jun 06 14:43:26 2024	1717685006	47	416	463	416
Thu Jun 06 14:43:26 2024	1717685006	47	416	464	416
Thu Jun 06 14:43:26 2024	1717685006	47	417	464	417
Thu Jun 06 14:43:26 2024	1717685006	47	417	464	417
Thu Jun 06 14:43:26 2024	1717685006	47	418	464	418
Thu Jun 06 14:43:26 2024	1717685006	46	418	464	418
Thu Jun 06 14:43:26 2024	1717685006	45	420	465	420
Thu Jun 06 14:43:26 2024	1717685006	45	420	465	420
Thu Jun 06 14:43:26 2024	1717685006	50	421	471	421
Thu Jun 06 14:43:26 2024	1717685006	50	421	472	421
Thu Jun 06 14:43:26 2024	1717685006	50	422	472	422
Thu Jun 06 14:43:26 2024	1717685006	50	422	472	422
Thu Jun 06 14:43:26 2024	1717685006	50	423	472	423
Thu Jun 06 14:43:26 2024	1717685006	49	423	472	423
Thu Jun 06 14:43:26 2024	1717685006	49	423	472	423
Thu Jun 06 14:43:26 2024	1717685006	49	424	473	424
Thu Jun 06 14:43:26 2024	1717685006	49	424	473	424
Thu Jun 06 14:43:26 2024	1717685006	59	433	492	433
Thu Jun 06 14:43:26 2024	1717685006	59	433	492	433
Thu Jun 06 14:43:26 2024	1717685006	59	434	493	434
Thu Jun 06 14:43:26 2024	1717685006	59	434	493	434
Thu Jun 06 14:43:26 2024	1717685006	59	434	493	434
Thu Jun 06 14:43:26 2024	1717685006	58	435	493	435
Thu Jun 06 14:43:26 2024	1717685006	58	435	493	435
Thu Jun 06 14:43:26 2024	1717685006	56	437	494	437
Thu Jun 06 14:43:26 2024	1717685006	56	438	494	438
Thu Jun 06 14:43:26 2024	1717685006	56	438	494	438
Thu Jun 06 14:43:26 2024	1717685006	56	438	494	438
Thu Jun 06 14:43:26 2024	1717685006	56	439	494	439
Thu Jun 06 14:43:26 2024	1717685006	55	439	495	439
Thu Jun 06 14:43:26 2024	1717685006	55	439	495	439
Thu Jun 06 14:43:26 2024	1717685006	75	451	526	451
Thu Jun 06 14:43:26 2024	1717685006	75	451	526	451
Thu Jun 06 14:43:26 2024	1717685006	75	451	526	451
Thu Jun 06 14:43:26 2024	1717685006	75	452	526	452
Thu Jun 06 14:43:26 2024	1717685006	92	466	557	466
Thu Jun 06 14:43:26 2024	1717685006	92	466	558	466
Thu Jun 06 14:43:26 2024	1717685006	91	466	558	466
Thu Jun 06 14:43:26 2024	1717685006	91	467	558	467
Thu Jun 06 14:43:26 2024	1717685006	91	467	558	467
Thu Jun 06 14:43:26 2024	1717685006	91	468	558	468
Thu Jun 06 14:43:26 2024	1717685006	89	470	559	470
Thu Jun 06 14:43:26 2024	1717685006	89	470	559	470
Thu Jun 06 14:43:26 2024	1717685006	103	486	589	485
Thu Jun 06 14:43:26 2024	1717685006	103	486	589	486
Thu Jun 06 14:43:26 2024	1717685006	102	487	589	487
Thu Jun 06 14:43:26 2024	1717685006	102	487	589	487
Thu Jun 06 14:43:26 2024	1717685006	102	487	589	487
Thu Jun 06 14:43:26 2024	1717685006	102	488	590	488
Thu Jun 06 14:43:26 2024	1717685006	101	488	590	488
Thu Jun 06 14:43:26 2024	1717685006	101	489	590	489
Thu Jun 06 14:43:26 2024	1717685006	101	489	590	489
Thu Jun 06 14:43:26 2024	1717685006	99	491	590	491
Thu Jun 06 14:43:26 2024	1717685006	99	491	591	491
Thu Jun 06 14:43:26 2024	1717685006	99	492	591	492
Thu Jun 06 14:43:26 2024	1717685006	99	492	591	492
Thu Jun 06 14:43:26 2024	1717685006	99	493	591	493
Thu Jun 06 14:43:26 2024	1717685006	98	493	591	493
Thu Jun 06 14:43:26 2024	1717685006	98	493	591	493
Thu Jun 06 14:43:26 2024	1717685006	98	494	592	494
Thu Jun 06 14:43:26 2024	1717685006	110	504	615	504
Thu Jun 06 14:43:26 2024	1717685006	110	505	615	505
Thu Jun 06 14:43:26 2024	1717685006	110	505	615	505
Thu Jun 06 14:43:26 2024	1717685006	109	506	615	506
Thu Jun 06 14:43:26 2024	1717685006	109	506	615	506
Thu Jun 06 14:43:26 2024	1717685006	109	507	615	507
Thu Jun 06 14:43:26 2024	1717685006	109	507	616	507
Thu Jun 06 14:43:26 2024	1717685006	108	507	616	507
Thu Jun 06 14:43:26 2024	1717685006	20	623	644	623
Thu Jun 06 14:43:26 2024	1717685006	20	623	644	623
Thu Jun 06 14:43:26 2024	1717685006	20	623	644	623
Thu Jun 06 14:43:26 2024	1717685006	21	623	644	623
Thu Jun 06 14:43:26 2024	1717685006	22	622	644	622
Thu Jun 06 14:43:26 2024	1717685006	21	623	644	623
Thu Jun 06 14:43:26 2024	1717685006	22	622	644	622
Thu Jun 06 14:43:26 2024	1717685006	22	622	644	622
Thu Jun 06 14:43:26 2024	1717685006	118	527	645	527
Thu Jun 06 14:43:26 2024	1717685006	118	528	645	527
Thu Jun 06 14:43:26 2024	1717685006	117	528	645	528
Thu Jun 06 14:43:26 2024	1717685006	117	528	645	528
Thu Jun 06 14:43:26 2024	1717685006	117	529	646	529
Thu Jun 06 14:43:26 2024	1717685006	117	529	646	529
Thu Jun 06 14:43:26 2024	1717685006	116	530	646	530
Thu Jun 06 14:43:26 2024	1717685006	116	530	646	530
Thu Jun 06 14:43:26 2024	1717685006	114	532	646	532
Thu Jun 06 14:43:26 2024	1717685006	114	533	646	533
Thu Jun 06 14:43:26 2024	1717685006	113	533	647	533
Thu Jun 06 14:43:26 2024	1717685006	113	534	647	534
Thu Jun 06 14:43:26 2024	1717685006	113	534	647	534
Thu Jun 06 14:43:26 2024	1717685006	113	534	647	534
Thu Jun 06 14:43:26 2024	1717685006	28	634	662	634
Thu Jun 06 14:43:26 2024	1717685006	28	634	662	634
Thu Jun 06 14:43:26 2024	1717685006	28	633	662	633
Thu Jun 06 14:43:26 2024	1717685006	125	545	670	545
Thu Jun 06 14:43:26 2024	1717685006	125	545	670	545
Thu Jun 06 14:43:26 2024	1717685006	125	546	670	546
Thu Jun 06 14:43:26 2024	1717685006	34	643	677	643
Thu Jun 06 14:43:26 2024	1717685006	35	642	677	642
Thu Jun 06 14:43:26 2024	1717685006	34	643	677	643
Thu Jun 06 14:43:26 2024	1717685006	36	642	677	642
Thu Jun 06 14:43:26 2024	1717685006	36	642	678	642
Thu Jun 06 14:43:26 2024	1717685006	41	665	706	665
Thu Jun 06 14:43:26 2024	1717685006	41	665	706	664
Thu Jun 06 14:43:26 2024	1717685006	133	572	706	572
Thu Jun 06 14:43:26 2024	1717685006	41	664	706	664
Thu Jun 06 14:43:26 2024	1717685006	133	573	706	573
Thu Jun 06 14:43:26 2024	1717685006	42	664	706	664
Thu Jun 06 14:43:26 2024	1717685006	42	664	706	664
Thu Jun 06 14:43:26 2024	1717685006	133	573	706	573
Thu Jun 06 14:43:26 2024	1717685006	42	664	706	664
Thu Jun 06 14:43:26 2024	1717685006	132	574	706	574
Thu Jun 06 14:43:26 2024	1717685006	44	663	706	663
Thu Jun 06 14:43:26 2024	1717685006	42	664	706	664
Thu Jun 06 14:43:26 2024	1717685006	132	574	706	574
Thu Jun 06 14:43:26 2024	1717685006	44	663	706	663
Thu Jun 06 14:43:26 2024	1717685006	132	575	707	575
Thu Jun 06 14:43:26 2024	1717685006	44	663	707	662
Thu Jun 06 14:43:26 2024	1717685006	132	575	707	575
Thu Jun 06 14:43:26 2024	1717685006	130	578	707	578
Thu Jun 06 14:43:26 2024	1717685006	141	592	733	592
Thu Jun 06 14:43:26 2024	1717685006	141	592	733	592
Thu Jun 06 14:43:26 2024	1717685006	141	592	733	592
Thu Jun 06 14:43:26 2024	1717685006	141	593	733	593
Thu Jun 06 14:43:26 2024	1717685006	140	593	734	593
Thu Jun 06 14:43:26 2024	1717685006	140	594	734	594
Thu Jun 06 14:43:26 2024	1717685006	140	594	734	594
Thu Jun 06 14:43:26 2024	1717685006	139	595	734	595
Thu Jun 06 14:43:26 2024	1717685006	137	597	734	597
Thu Jun 06 14:43:26 2024	1717685006	137	597	735	597
Thu Jun 06 14:43:26 2024	1717685006	137	598	735	598
Thu Jun 06 14:43:26 2024	1717685006	137	598	735	598
Thu Jun 06 14:43:26 2024	1717685006	136	599	735	599
Thu Jun 06 14:43:26 2024	1717685006	149	618	767	618
Thu Jun 06 14:43:26 2024	1717685006	149	618	767	618
Thu Jun 06 14:43:26 2024	1717685006	149	618	767	618
Thu Jun 06 14:43:26 2024	1717685006	149	619	767	619
Thu Jun 06 14:43:26 2024	1717685006	148	619	768	619
Thu Jun 06 14:43:26 2024	1717685006	148	620	768	620
Thu Jun 06 14:43:26 2024	1717685006	52	720	772	720
Thu Jun 06 14:43:26 2024	1717685006	52	720	772	720
Thu Jun 06 14:43:26 2024	1717685006	52	720	772	720
Thu Jun 06 14:43:26 2024	1717685006	53	720	773	720
Thu Jun 06 14:43:26 2024	1717685006	53	720	773	720
Thu Jun 06 14:43:26 2024	1717685006	53	720	773	720
Thu Jun 06 14:43:26 2024	1717685006	53	720	773	720
Thu Jun 06 14:43:26 2024	1717685006	53	720	773	720
Thu Jun 06 14:43:26 2024	1717685006	55	718	773	718
Thu Jun 06 14:43:27 2024	1717685007	155	626	781	626
Thu Jun 06 14:43:27 2024	1717685007	157	648	805	648
Thu Jun 06 14:43:27 2024	1717685007	160	646	806	646
Thu Jun 06 14:43:26 2024	1717685006	61	746	807	746
Thu Jun 06 14:43:26 2024	1717685006	62	745	807	745
Thu Jun 06 14:43:26 2024	1717685006	62	745	807	745
Thu Jun 06 14:43:26 2024	1717685006	62	745	807	745
Thu Jun 06 14:43:26 2024	1717685006	62	745	807	745
Thu Jun 06 14:43:26 2024	1717685006	62	745	808	745
Thu Jun 06 14:43:26 2024	1717685006	63	745	808	745
Thu Jun 06 14:43:26 2024	1717685006	64	744	808	744
Thu Jun 06 14:43:26 2024	1717685006	64	743	808	743
Thu Jun 06 14:43:26 2024	1717685006	65	743	808	743
Thu Jun 06 14:43:26 2024	1717685006	65	743	808	743
Thu Jun 06 14:43:26 2024	1717685006	65	743	808	743
Thu Jun 06 14:43:26 2024	1717685006	65	743	808	743
Thu Jun 06 14:43:26 2024	1717685006	65	743	808	743
Thu Jun 06 14:43:26 2024	1717685006	66	743	809	743
Thu Jun 06 14:43:26 2024	1717685006	67	741	809	741
Thu Jun 06 14:43:27 2024	1717685007	156	653	809	653
Thu Jun 06 14:43:27 2024	1717685007	156	656	812	656
Thu Jun 06 14:43:27 2024	1717685007	159	655	814	655
Thu Jun 06 14:43:27 2024	1717685007	161	654	814	654
Thu Jun 06 14:43:27 2024	1717685007	161	654	815	654
Thu Jun 06 14:43:27 2024	1717685007	157	659	816	659
Thu Jun 06 14:43:27 2024	1717685007	158	658	816	658
Thu Jun 06 14:43:27 2024	1717685007	157	661	818	661
Thu Jun 06 14:43:27 2024	1717685007	156	661	818	661
Thu Jun 06 14:43:27 2024	1717685007	156	662	818	662
Thu Jun 06 14:43:27 2024	1717685007	157	666	823	666
Thu Jun 06 14:43:27 2024	1717685007	156	669	825	669
Thu Jun 06 14:43:27 2024	1717685007	156	670	826	670
Thu Jun 06 14:43:27 2024	1717685007	159	670	829	670
Thu Jun 06 14:43:27 2024	1717685007	162	669	831	669
Thu Jun 06 14:43:27 2024	1717685007	162	669	831	669
Thu Jun 06 14:43:27 2024	1717685007	159	675	834	675
Thu Jun 06 14:43:27 2024	1717685007	162	672	834	672
Thu Jun 06 14:43:27 2024	1717685007	159	675	834	675
Thu Jun 06 14:43:27 2024	1717685007	162	673	834	673
Thu Jun 06 14:43:27 2024	1717685007	165	671	836	671
Thu Jun 06 14:43:27 2024	1717685007	163	672	836	672
Thu Jun 06 14:43:27 2024	1717685007	163	673	836	673
Thu Jun 06 14:43:27 2024	1717685007	158	678	836	678
Thu Jun 06 14:43:26 2024	1717685006	77	759	836	759
Thu Jun 06 14:43:27 2024	1717685007	165	671	836	671
Thu Jun 06 14:43:26 2024	1717685006	78	759	836	759
Thu Jun 06 14:43:26 2024	1717685006	78	759	837	759
Thu Jun 06 14:43:27 2024	1717685007	164	673	837	673
Thu Jun 06 14:43:27 2024	1717685007	164	674	838	674
Thu Jun 06 14:43:27 2024	1717685007	162	676	838	676
Thu Jun 06 14:43:27 2024	1717685007	161	677	838	677
Thu Jun 06 14:43:27 2024	1717685007	164	674	838	674
Thu Jun 06 14:43:27 2024	1717685007	161	678	839	678
Thu Jun 06 14:43:27 2024	1717685007	158	681	839	681
Thu Jun 06 14:43:27 2024	1717685007	162	678	840	678
Thu Jun 06 14:43:27 2024	1717685007	162	678	840	678
Thu Jun 06 14:43:27 2024	1717685007	162	678	840	678
Thu Jun 06 14:43:27 2024	1717685007	162	679	841	679
Thu Jun 06 14:43:27 2024	1717685007	167	674	842	674
Thu Jun 06 14:43:27 2024	1717685007	167	675	842	675
Thu Jun 06 14:43:27 2024	1717685007	167	675	843	675
Thu Jun 06 14:43:27 2024	1717685007	167	676	843	676
Thu Jun 06 14:43:27 2024	1717685007	162	681	843	681
Thu Jun 06 14:43:27 2024	1717685007	165	679	844	679
Thu Jun 06 14:43:27 2024	1717685007	163	681	845	681
Thu Jun 06 14:43:27 2024	1717685007	161	684	845	684
Thu Jun 06 14:43:27 2024	1717685007	161	685	846	685
Thu Jun 06 14:43:27 2024	1717685007	161	685	846	685
Thu Jun 06 14:43:27 2024	1717685007	165	682	846	682
Thu Jun 06 14:43:27 2024	1717685007	164	682	847	682
Thu Jun 06 14:43:27 2024	1717685007	164	683	847	683
Thu Jun 06 14:43:27 2024	1717685007	164	683	847	683
Thu Jun 06 14:43:27 2024	1717685007	163	685	848	685
Thu Jun 06 14:43:27 2024	1717685007	162	687	849	687
Thu Jun 06 14:43:27 2024	1717685007	164	685	849	685
Thu Jun 06 14:43:27 2024	1717685007	162	687	849	687
Thu Jun 06 14:43:27 2024	1717685007	164	685	850	685
Thu Jun 06 14:43:27 2024	1717685007	162	688	850	688
Thu Jun 06 14:43:27 2024	1717685007	164	688	852	688
Thu Jun 06 14:43:27 2024	1717685007	161	693	854	693
Thu Jun 06 14:43:27 2024	1717685007	161	693	855	693
Thu Jun 06 14:43:27 2024	1717685007	164	691	855	691
Thu Jun 06 14:43:27 2024	1717685007	164	692	855	692
Thu Jun 06 14:43:27 2024	1717685007	162	696	857	696
Thu Jun 06 14:43:27 2024	1717685007	163	696	858	696
Thu Jun 06 14:43:27 2024	1717685007	163	696	859	696
Thu Jun 06 14:43:27 2024	1717685007	163	697	859	697
Thu Jun 06 14:43:27 2024	1717685007	166	695	861	695
Thu Jun 06 14:43:27 2024	1717685007	166	695	861	695
Thu Jun 06 14:43:27 2024	1717685007	162	699	861	699
Thu Jun 06 14:43:27 2024	1717685007	166	696	862	696
Thu Jun 06 14:43:27 2024	1717685007	166	696	862	696
Thu Jun 06 14:43:27 2024	1717685007	166	697	863	697
Thu Jun 06 14:43:26 2024	1717685006	17	861	879	861
Thu Jun 06 14:43:26 2024	1717685006	17	862	879	862
Thu Jun 06 14:43:26 2024	1717685006	18	862	880	862
Thu Jun 06 14:43:26 2024	1717685006	18	862	880	862
Thu Jun 06 14:43:26 2024	1717685006	18	862	880	862
Thu Jun 06 14:43:26 2024	1717685006	18	862	880	862
Thu Jun 06 14:43:26 2024	1717685006	20	862	881	862
Thu Jun 06 14:43:26 2024	1717685006	20	862	881	862
Thu Jun 06 14:43:26 2024	1717685006	25	862	886	862
Thu Jun 06 14:43:26 2024	1717685006	25	862	886	862
Thu Jun 06 14:43:26 2024	1717685006	25	862	887	862
Thu Jun 06 14:43:26 2024	1717685006	25	862	887	862
Thu Jun 06 14:43:26 2024	1717685006	30	863	892	863
Thu Jun 06 14:43:26 2024	1717685006	189	740	929	740
Thu Jun 06 14:43:26 2024	1717685006	68	863	931	863
Thu Jun 06 14:43:26 2024	1717685006	68	863	931	863
Thu Jun 06 14:43:26 2024	1717685006	68	863	931	863
Thu Jun 06 14:43:26 2024	1717685006	68	863	932	863
Thu Jun 06 14:43:26 2024	1717685006	69	863	932	863
Thu Jun 06 14:43:26 2024	1717685006	69	863	932	863
Thu Jun 06 14:43:26 2024	1717685006	71	863	933	863
Thu Jun 06 14:43:26 2024	1717685006	71	863	934	863
Thu Jun 06 14:43:26 2024	1717685006	105	829	934	829
Thu Jun 06 14:43:26 2024	1717685006	71	863	935	863
Thu Jun 06 14:43:26 2024	1717685006	71	864	935	864
Thu Jun 06 14:43:26 2024	1717685006	78	862	940	862
Thu Jun 06 14:43:26 2024	1717685006	78	862	940	862
Thu Jun 06 14:43:26 2024	1717685006	78	862	940	862
Thu Jun 06 14:43:26 2024	1717685006	79	862	941	862
Thu Jun 06 14:43:26 2024	1717685006	81	861	942	861
Thu Jun 06 14:43:26 2024	1717685006	81	861	942	861
Thu Jun 06 14:43:26 2024	1717685006	81	861	943	861
Thu Jun 06 14:43:26 2024	1717685006	82	861	943	861
Thu Jun 06 14:43:26 2024	1717685006	82	862	944	862
Thu Jun 06 14:43:26 2024	1717685006	82	862	944	862
Thu Jun 06 14:43:26 2024	1717685006	84	861	945	861
Thu Jun 06 14:43:26 2024	1717685006	84	861	946	861
Thu Jun 06 14:43:26 2024	1717685006	85	862	946	862
Thu Jun 06 14:43:26 2024	1717685006	85	861	947	861
Thu Jun 06 14:43:26 2024	1717685006	87	861	948	861
Thu Jun 06 14:43:26 2024	1717685006	88	861	949	861
Thu Jun 06 14:43:26 2024	1717685006	88	861	949	861
Thu Jun 06 14:43:26 2024	1717685006	92	861	953	861
Thu Jun 06 14:43:26 2024	1717685006	92	861	953	861
Thu Jun 06 14:43:26 2024	1717685006	94	860	955	860
Thu Jun 06 14:43:26 2024	1717685006	95	861	955	861
Thu Jun 06 14:43:26 2024	1717685006	96	860	956	860
Thu Jun 06 14:43:26 2024	1717685006	96	860	956	860
Thu Jun 06 14:43:26 2024	1717685006	195	762	958	762
Thu Jun 06 14:43:26 2024	1717685006	195	763	958	763
Thu Jun 06 14:43:26 2024	1717685006	195	763	958	763
Thu Jun 06 14:43:26 2024	1717685006	194	764	958	764
Thu Jun 06 14:43:26 2024	1717685006	194	764	958	764
Thu Jun 06 14:43:26 2024	1717685006	105	856	962	856
Thu Jun 06 14:43:26 2024	1717685006	106	856	962	856
Thu Jun 06 14:43:26 2024	1717685006	106	856	962	856
Thu Jun 06 14:43:26 2024	1717685006	106	856	962	856
Thu Jun 06 14:43:26 2024	1717685006	106	856	962	856
Thu Jun 06 14:43:26 2024	1717685006	107	856	963	856
Thu Jun 06 14:43:26 2024	1717685006	112	858	971	858
Thu Jun 06 14:43:26 2024	1717685006	120	858	977	858
Thu Jun 06 14:43:26 2024	1717685006	120	858	978	858
Thu Jun 06 14:43:26 2024	1717685006	120	858	978	858
Thu Jun 06 14:43:26 2024	1717685006	121	858	979	858
Thu Jun 06 14:43:26 2024	1717685006	121	858	979	858
Thu Jun 06 14:43:26 2024	1717685006	124	857	981	857
Thu Jun 06 14:43:26 2024	1717685006	124	857	981	857
Thu Jun 06 14:43:26 2024	1717685006	127	856	984	856
Thu Jun 06 14:43:26 2024	1717685006	128	857	984	857
Thu Jun 06 14:43:26 2024	1717685006	128	857	985	857
Thu Jun 06 14:43:26 2024	1717685006	128	857	985	857
Thu Jun 06 14:43:26 2024	1717685006	128	857	985	857
Thu Jun 06 14:43:26 2024	1717685006	129	857	986	857
Thu Jun 06 14:43:26 2024	1717685006	135	856	991	856
Thu Jun 06 14:43:26 2024	1717685006	136	856	991	856
Thu Jun 06 14:43:26 2024	1717685006	136	856	992	856
Thu Jun 06 14:43:26 2024	1717685006	143	855	998	855
Thu Jun 06 14:43:26 2024	1717685006	144	855	999	855
Thu Jun 06 14:43:26 2024	1717685006	144	855	999	855
Thu Jun 06 14:43:26 2024	1717685006	145	855	999	855
Thu Jun 06 14:43:26 2024	1717685006	145	854	999	854
Thu Jun 06 14:43:26 2024	1717685006	145	855	1000	855
Thu Jun 06 14:43:26 2024	1717685006	147	854	1002	854
Thu Jun 06 14:43:26 2024	1717685006	148	854	1002	854
Thu Jun 06 14:43:26 2024	1717685006	152	854	1005	854
Thu Jun 06 14:43:26 2024	1717685006	152	854	1006	854
Thu Jun 06 14:43:26 2024	1717685006	153	854	1006	854
Thu Jun 06 14:43:26 2024	1717685006	153	854	1007	854
Thu Jun 06 14:43:27 2024	1717685007	157	849	1007	849
Thu Jun 06 14:43:27 2024	1717685007	158	849	1007	849
Thu Jun 06 14:43:27 2024	1717685007	158	849	1007	849
Thu Jun 06 14:43:26 2024	1717685006	153	854	1007	854
Thu Jun 06 14:43:26 2024	1717685006	156	853	1009	853
Thu Jun 06 14:43:26 2024	1717685006	156	853	1009	853
Thu Jun 06 14:43:26 2024	1717685006	156	853	1009	853
Thu Jun 06 14:43:26 2024	1717685006	156	853	1009	853
Thu Jun 06 14:43:26 2024	1717685006	157	853	1010	853
Thu Jun 06 14:43:26 2024	1717685006	157	853	1010	853
Thu Jun 06 14:43:26 2024	1717685006	159	852	1012	852
Thu Jun 06 14:43:26 2024	1717685006	160	852	1012	852
Thu Jun 06 14:43:26 2024	1717685006	218	795	1012	795
Thu Jun 06 14:43:26 2024	1717685006	160	852	1013	852
Thu Jun 06 14:43:26 2024	1717685006	215	797	1013	797
Thu Jun 06 14:43:26 2024	1717685006	215	798	1013	798
Thu Jun 06 14:43:26 2024	1717685006	161	852	1013	852
Thu Jun 06 14:43:26 2024	1717685006	215	798	1013	798
Thu Jun 06 14:43:26 2024	1717685006	214	799	1013	799
Thu Jun 06 14:43:26 2024	1717685006	161	853	1013	853
Thu Jun 06 14:43:26 2024	1717685006	214	799	1013	799
Thu Jun 06 14:43:26 2024	1717685006	214	800	1014	800
Thu Jun 06 14:43:26 2024	1717685006	161	853	1014	853
Thu Jun 06 14:43:26 2024	1717685006	161	853	1014	853
Thu Jun 06 14:43:27 2024	1717685007	157	858	1015	858
Thu Jun 06 14:43:26 2024	1717685006	163	852	1015	852
Thu Jun 06 14:43:27 2024	1717685007	157	859	1015	859
Thu Jun 06 14:43:27 2024	1717685007	157	860	1017	860
Thu Jun 06 14:43:26 2024	1717685006	165	852	1017	852
Thu Jun 06 14:43:26 2024	1717685006	168	851	1019	851
Thu Jun 06 14:43:26 2024	1717685006	168	852	1020	852
Thu Jun 06 14:43:26 2024	1717685006	168	852	1020	852
Thu Jun 06 14:43:26 2024	1717685006	169	852	1020	852
Thu Jun 06 14:43:26 2024	1717685006	169	852	1021	852
Thu Jun 06 14:43:26 2024	1717685006	171	851	1022	851
Thu Jun 06 14:43:26 2024	1717685006	172	851	1023	851
Thu Jun 06 14:43:26 2024	1717685006	172	851	1023	851
Thu Jun 06 14:43:27 2024	1717685007	157	867	1024	867
Thu Jun 06 14:43:26 2024	1717685006	173	851	1024	851
Thu Jun 06 14:43:26 2024	1717685006	173	851	1025	851
Thu Jun 06 14:43:26 2024	1717685006	176	851	1026	851
Thu Jun 06 14:43:26 2024	1717685006	176	851	1027	851
Thu Jun 06 14:43:26 2024	1717685006	176	851	1027	851
Thu Jun 06 14:43:26 2024	1717685006	177	851	1028	851
Thu Jun 06 14:43:26 2024	1717685006	177	851	1028	851
Thu Jun 06 14:43:26 2024	1717685006	180	850	1030	850
Thu Jun 06 14:43:27 2024	1717685007	158	872	1030	872
Thu Jun 06 14:43:26 2024	1717685006	180	850	1030	850
Thu Jun 06 14:43:27 2024	1717685007	158	872	1030	872
Thu Jun 06 14:43:26 2024	1717685006	181	850	1031	850
Thu Jun 06 14:43:27 2024	1717685007	158	872	1031	872
Thu Jun 06 14:43:27 2024	1717685007	158	872	1031	872
Thu Jun 06 14:43:27 2024	1717685007	158	873	1031	873
Thu Jun 06 14:43:26 2024	1717685006	181	850	1031	850
Thu Jun 06 14:43:26 2024	1717685006	181	850	1031	850
Thu Jun 06 14:43:27 2024	1717685007	159	873	1031	873
Thu Jun 06 14:43:26 2024	1717685006	181	850	1032	850
Thu Jun 06 14:43:27 2024	1717685007	159	873	1032	873
Thu Jun 06 14:43:26 2024	1717685006	182	850	1032	850
Thu Jun 06 14:43:26 2024	1717685006	182	851	1033	851
Thu Jun 06 14:43:27 2024	1717685007	161	872	1033	872
Thu Jun 06 14:43:27 2024	1717685007	161	873	1034	873
Thu Jun 06 14:43:27 2024	1717685007	161	872	1034	872
Thu Jun 06 14:43:26 2024	1717685006	184	849	1034	849
Thu Jun 06 14:43:27 2024	1717685007	161	872	1034	872
Thu Jun 06 14:43:26 2024	1717685006	185	849	1034	849
Thu Jun 06 14:43:26 2024	1717685006	185	849	1034	849
Thu Jun 06 14:43:26 2024	1717685006	186	849	1035	849
Thu Jun 06 14:43:26 2024	1717685006	186	849	1035	849
Thu Jun 06 14:43:26 2024	1717685006	186	850	1036	850
Thu Jun 06 14:43:27 2024	1717685007	165	872	1036	872
Thu Jun 06 14:43:27 2024	1717685007	165	872	1036	872
Thu Jun 06 14:43:27 2024	1717685007	168	868	1037	868
Thu Jun 06 14:43:27 2024	1717685007	164	872	1037	872
Thu Jun 06 14:43:27 2024	1717685007	165	872	1037	872
Thu Jun 06 14:43:27 2024	1717685007	165	872	1037	872
Thu Jun 06 14:43:27 2024	1717685007	165	872	1037	872
Thu Jun 06 14:43:26 2024	1717685006	189	848	1037	848
Thu Jun 06 14:43:27 2024	1717685007	169	869	1038	869
Thu Jun 06 14:43:26 2024	1717685006	190	848	1038	848
Thu Jun 06 14:43:27 2024	1717685007	170	868	1038	868
Thu Jun 06 14:43:27 2024	1717685007	169	869	1038	869
Thu Jun 06 14:43:27 2024	1717685007	169	869	1038	869
Thu Jun 06 14:43:26 2024	1717685006	190	848	1038	848
Thu Jun 06 14:43:26 2024	1717685006	190	848	1039	848
Thu Jun 06 14:43:27 2024	1717685007	169	870	1039	870
Thu Jun 06 14:43:26 2024	1717685006	191	849	1039	849
Thu Jun 06 14:43:26 2024	1717685006	191	849	1040	849
Thu Jun 06 14:43:26 2024	1717685006	198	847	1045	847
Thu Jun 06 14:43:26 2024	1717685006	198	848	1046	848
Thu Jun 06 14:43:26 2024	1717685006	198	848	1046	848
Thu Jun 06 14:43:26 2024	1717685006	199	848	1047	848
Thu Jun 06 14:43:26 2024	1717685006	121	926	1047	926
Thu Jun 06 14:43:26 2024	1717685006	121	926	1047	926
Thu Jun 06 14:43:26 2024	1717685006	200	847	1047	847
Thu Jun 06 14:43:26 2024	1717685006	202	847	1050	847
Thu Jun 06 14:43:26 2024	1717685006	202	848	1050	848
Thu Jun 06 14:43:26 2024	1717685006	203	848	1050	848
Thu Jun 06 14:43:26 2024	1717685006	203	848	1051	848
Thu Jun 06 14:43:26 2024	1717685006	203	848	1051	848
Thu Jun 06 14:43:26 2024	1717685006	203	848	1051	848
Thu Jun 06 14:43:26 2024	1717685006	206	847	1053	847
Thu Jun 06 14:43:26 2024	1717685006	207	848	1054	847
Thu Jun 06 14:43:26 2024	1717685006	207	848	1055	848
Thu Jun 06 14:43:26 2024	1717685006	207	848	1055	848
Thu Jun 06 14:43:26 2024	1717685006	208	848	1056	848
Thu Jun 06 14:43:26 2024	1717685006	208	848	1056	848
Thu Jun 06 14:43:26 2024	1717685006	208	848	1056	848
Thu Jun 06 14:43:26 2024	1717685006	209	848	1056	848
Thu Jun 06 14:43:26 2024	1717685006	212	848	1060	848
Thu Jun 06 14:43:26 2024	1717685006	213	849	1061	849
Thu Jun 06 14:43:26 2024	1717685006	218	848	1066	848
Thu Jun 06 14:43:26 2024	1717685006	218	848	1067	848
Thu Jun 06 14:43:26 2024	1717685006	219	849	1068	849
Thu Jun 06 14:43:26 2024	1717685006	219	849	1068	849
Thu Jun 06 14:43:26 2024	1717685006	219	849	1068	849
Thu Jun 06 14:43:26 2024	1717685006	222	849	1071	849
Thu Jun 06 14:43:26 2024	1717685006	223	849	1072	849
Thu Jun 06 14:43:26 2024	1717685006	223	850	1073	850
Thu Jun 06 14:43:26 2024	1717685006	223	850	1073	850
Thu Jun 06 14:43:26 2024	1717685006	227	849	1076	849
Thu Jun 06 14:43:26 2024	1717685006	227	849	1077	849
Thu Jun 06 14:43:26 2024	1717685006	228	849	1077	849
Thu Jun 06 14:43:26 2024	1717685006	228	850	1077	850
Thu Jun 06 14:43:26 2024	1717685006	228	850	1078	850
Thu Jun 06 14:43:26 2024	1717685006	229	850	1078	850
Thu Jun 06 14:43:26 2024	1717685006	231	851	1082	851
Thu Jun 06 14:43:26 2024	1717685006	232	851	1083	851
Thu Jun 06 14:43:26 2024	1717685006	232	851	1083	851
Thu Jun 06 14:43:26 2024	1717685006	232	852	1084	852
Thu Jun 06 14:43:26 2024	1717685006	236	851	1087	851
Thu Jun 06 14:43:26 2024	1717685006	236	851	1088	851
Thu Jun 06 14:43:26 2024	1717685006	237	851	1088	851
Thu Jun 06 14:43:26 2024	1717685006	237	852	1089	852
Thu Jun 06 14:43:26 2024	1717685006	230	859	1089	859
Thu Jun 06 14:43:26 2024	1717685006	237	852	1089	852
Thu Jun 06 14:43:26 2024	1717685006	238	851	1090	851
Thu Jun 06 14:43:26 2024	1717685006	239	851	1090	851
Thu Jun 06 14:43:26 2024	1717685006	239	852	1091	852
Thu Jun 06 14:43:26 2024	1717685006	234	857	1092	857
Thu Jun 06 14:43:26 2024	1717685006	240	852	1092	852
Thu Jun 06 14:43:26 2024	1717685006	236	856	1092	856
Thu Jun 06 14:43:26 2024	1717685006	241	851	1092	851
Thu Jun 06 14:43:26 2024	1717685006	239	853	1092	853
Thu Jun 06 14:43:26 2024	1717685006	241	851	1093	851
Thu Jun 06 14:43:26 2024	1717685006	241	852	1093	852
Thu Jun 06 14:43:26 2024	1717685006	242	852	1094	852
Thu Jun 06 14:43:26 2024	1717685006	241	853	1094	853
Thu Jun 06 14:43:26 2024	1717685006	242	853	1094	853
Thu Jun 06 14:43:26 2024	1717685006	144	1078	1222	1078
Thu Jun 06 14:43:26 2024	1717685006	44	1186	1231	1186
Thu Jun 06 14:43:26 2024	1717685006	44	1186	1231	1186
Thu Jun 06 14:43:26 2024	1717685006	157	1136	1293	1136
Thu Jun 06 14:43:26 2024	1717685006	152	1141	1293	1141
Thu Jun 06 14:43:26 2024	1717685006	152	1141	1293	1141
Thu Jun 06 14:43:27 2024	1717685007	159	1181	1339	1181
Thu Jun 06 14:43:26 2024	1717685006	1177	169	1346	169
Thu Jun 06 14:43:26 2024	1717685006	1184	169	1353	169
Thu Jun 06 14:43:26 2024	1717685006	1187	169	1356	169
Thu Jun 06 14:43:26 2024	1717685006	160	1196	1356	1196
Thu Jun 06 14:43:26 2024	1717685006	1188	169	1357	169
Thu Jun 06 14:43:26 2024	1717685006	1191	169	1361	169
Thu Jun 06 14:43:26 2024	1717685006	1194	170	1363	170
Thu Jun 06 14:43:26 2024	1717685006	1200	170	1370	170
Thu Jun 06 14:43:26 2024	1717685006	169	1216	1385	1216
Thu Jun 06 14:43:26 2024	1717685006	74	1317	1392	1317
Thu Jun 06 14:43:26 2024	1717685006	74	1318	1392	1318
Thu Jun 06 14:43:26 2024	1717685006	74	1318	1392	1318
Thu Jun 06 14:43:26 2024	1717685006	74	1318	1392	1318
Thu Jun 06 14:43:26 2024	1717685006	72	1321	1393	1320
Thu Jun 06 14:43:26 2024	1717685006	72	1321	1393	1321
Thu Jun 06 14:43:26 2024	1717685006	72	1321	1393	1321
Thu Jun 06 14:43:26 2024	1717685006	193	1385	1579	1385
Thu Jun 06 14:43:26 2024	1717685006	190	1389	1579	1389
Thu Jun 06 14:43:26 2024	1717685006	194	1385	1579	1385
Thu Jun 06 14:43:26 2024	1717685006	18	1570	1588	1570
Thu Jun 06 14:43:26 2024	1717685006	18	1570	1588	1570
Thu Jun 06 14:43:26 2024	1717685006	25	1571	1596	1571
Thu Jun 06 14:43:26 2024	1717685006	26	1571	1596	1571
Thu Jun 06 14:43:26 2024	1717685006	199	1400	1599	1400
Thu Jun 06 14:43:26 2024	1717685006	199	1400	1599	1400
Thu Jun 06 14:43:26 2024	1717685006	200	1400	1599	1400
Thu Jun 06 14:43:26 2024	1717685006	68	1553	1621	1553
